{
    "cameras": {
        "camera_touch": {
            "w": 640,
            "h": 640,
            "near": 9.999999747378752e-05,
            "far": 3.27,
            "camera_angle_x": [
                0.523598849773407
            ],
            "types": [
                "touch"
            ]
        }
    },
    "frames": [
        {
            "camera": "camera_touch",
            "file_path": "./train/tr_0.png",
            "rotation": 0.1,
            "transform_matrix": [
                [
                    -0.9998401655685757,
                    0.014177683880319283,
                    0.010892042764969495,
                    0.27460689695553986
                ],
                [
                    0.015530468006359176,
                    0.990549650737855,
                    0.1362724990106842,
                    -0.0025368339657074377
                ],
                [
                    -0.008857080744107713,
                    0.13641987649497125,
                    -0.9906115128635393,
                    0.4269941046929143
                ],
                [
                    0.0,
                    0.0,
                    0.0,
                    1.0
                ]
            ],
            "position": [
                0.27460689695553986,
                -0.0025368339657074377,
                0.4269941046929143
            ],
            "quaternion": [
                0.007444739231592971,
                0.9976223660545275,
                0.0683355744856539,
                0.004949048164908942
            ]
        },
        {
            "camera": "camera_touch",
            "file_path": "./train/tr_1.png",
            "rotation": 0.1,
            "transform_matrix": [
                [
                    -0.999839604963566,
                    0.015614957509090957,
                    0.008771399448787695,
                    0.2941439389676395
                ],
                [
                    0.016601260611555986,
                    0.99179624828617,
                    0.126746203223549,
                    -0.0035197270909553833
                ],
                [
                    -0.0067203044877526905,
                    0.1268714900498424,
                    -0.9918963970698378,
                    0.4275756528313047
                ],
                [
                    0.0,
                    0.0,
                    0.0,
                    1.0
                ]
            ],
            "position": [
                0.2941439389676395,
                -0.0035197270909553833,
                0.4275756528313047
            ],
            "quaternion": [
                0.008070685131480682,
                0.9979394348222258,
                0.06353534541256961,
                0.0038809230851900656
            ]
        },
        {
            "camera": "camera_touch",
            "file_path": "./train/tr_2.png",
            "rotation": 0.1,
            "transform_matrix": [
                [
                    -0.9998378555318318,
                    0.015554939972652464,
                    0.009072292320923697,
                    0.3015828834399281
                ],
                [
                    0.016554164176506445,
                    0.9922527983333177,
                    0.1231273480917935,
                    -0.00378285647004562
                ],
                [
                    -0.007086768934174675,
                    0.12325756788995794,
                    -0.9923494090611065,
                    0.4279010701006678
                ],
                [
                    0.0,
                    0.0,
                    0.0,
                    1.0
                ]
            ],
            "position": [
                0.3015828834399281,
                -0.00378285647004562,
                0.4279010701006678
            ],
            "quaternion": [
                0.008042934938908165,
                0.9980531392351065,
                0.061716385482573195,
                0.004047645731405197
            ]
        },
        {
            "camera": "camera_touch",
            "file_path": "./train/tr_3.png",
            "rotation": 0.1,
            "transform_matrix": [
                [
                    -0.9998573780435727,
                    0.01609062352487575,
                    0.005129854424106155,
                    0.30935555247313223
                ],
                [
                    0.01658766343641657,
                    0.9927261643060314,
                    0.11924601512819828,
                    -0.003991107008647664
                ],
                [
                    -0.0031737979696217526,
                    0.11931410032688945,
                    -0.9928514856057942,
                    0.42677945018452307
                ],
                [
                    0.0,
                    0.0,
                    0.0,
                    1.0
                ]
            ],
            "position": [
                0.30935555247313223,
                -0.003991107008647664,
                0.42677945018452307
            ],
            "quaternion": [
                0.008184486398792152,
                0.9981777446965907,
                0.059748909805131235,
                0.002079702958642368
            ]
        },
        {
            "camera": "camera_touch",
            "file_path": "./train/tr_4.png",
            "rotation": 0.1,
            "transform_matrix": [
                [
                    -0.9996021478934897,
                    0.015212217194042265,
                    0.02375151310471629,
                    0.3209735485472388
                ],
                [
                    0.017818405219051186,
                    0.9933572447780543,
                    0.1136832823347493,
                    -0.00475739888260892
                ],
                [
                    -0.021864362834802992,
                    0.11406126728646283,
                    -0.9932330929559458,
                    0.4290445746931308
                ],
                [
                    0.0,
                    0.0,
                    0.0,
                    1.0
                ]
            ],
            "position": [
                0.3209735485472388,
                -0.00475739888260892,
                0.4290445746931308
            ],
            "quaternion": [
                0.008271945039801989,
                0.9982725952542585,
                0.05703466238148583,
                0.011423702950403798
            ]
        },
        {
            "camera": "camera_touch",
            "file_path": "./train/tr_5.png",
            "rotation": 0.1,
            "transform_matrix": [
                [
                    -0.9984122163887681,
                    0.045899100217653914,
                    0.03265453666609953,
                    0.3292652221182727
                ],
                [
                    0.04926574759684276,
                    0.9925843608548863,
                    0.11112683159354901,
                    -0.01451073996039919
                ],
                [
                    -0.027311760825550195,
                    0.11255913639286054,
                    -0.993269605160201,
                    0.42981050436070056
                ],
                [
                    0.0,
                    0.0,
                    0.0,
                    1.0
                ]
            ],
            "position": [
                0.3292652221182727,
                -0.01451073996039919,
                0.42981050436070056
            ],
            "quaternion": [
                0.023838141902736514,
                0.9980313615333629,
                0.056031801331780554,
                0.015021146377222514
            ]
        },
        {
            "camera": "camera_touch",
            "file_path": "./train/tr_6.png",
            "rotation": 0.1,
            "transform_matrix": [
                [
                    -0.9975683862804635,
                    0.06113112418106009,
                    0.033470888099254775,
                    0.31755780836286135
                ],
                [
                    0.06465007090754152,
                    0.9910511241100542,
                    0.11678200945285948,
                    -0.01865038839229758
                ],
                [
                    -0.026032345753751795,
                    0.118661936005434,
                    -0.9925934021128695,
                    0.4296374484226447
                ],
                [
                    0.0,
                    0.0,
                    0.0,
                    1.0
                ]
            ],
            "position": [
                0.31755780836286135,
                -0.01865038839229758,
                0.4296374484226447
            ],
            "quaternion": [
                0.03151940645781711,
                0.9976488766537067,
                0.05899970508075238,
                0.01491086654126899
            ]
        },
        {
            "camera": "camera_touch",
            "file_path": "./train/tr_7.png",
            "rotation": 0.1,
            "transform_matrix": [
                [
                    -0.9960740435891527,
                    0.08353324673084717,
                    0.029303521606764936,
                    0.3074955880081938
                ],
                [
                    0.08650326191276611,
                    0.9887867627361361,
                    0.12172889351441317,
                    -0.02457337313020297
                ],
                [
                    -0.018806524570109028,
                    0.12378584138905131,
                    -0.9921307273263935,
                    0.427358105029822
                ],
                [
                    0.0,
                    0.0,
                    0.0,
                    1.0
                ]
            ],
            "position": [
                0.3074955880081938,
                -0.02457337313020297,
                0.427358105029822
            ],
            "quaternion": [
                0.042631916998755605,
                0.9971198204425177,
                0.06155597926509839,
                0.01206225364058502
            ]
        },
        {
            "camera": "camera_touch",
            "file_path": "./train/tr_8.png",
            "rotation": 0.1,
            "transform_matrix": [
                [
                    -0.9945902266910199,
                    0.10195896529921496,
                    0.01986580896462721,
                    0.2947691937990352
                ],
                [
                    0.10362799816767836,
                    0.9871137873989192,
                    0.12193280412883499,
                    -0.031209731395211104
                ],
                [
                    -0.007177671381808706,
                    0.12333182931455557,
                    -0.9923395290481278,
                    0.42833563835355926
                ],
                [
                    0.0,
                    0.0,
                    0.0,
                    1.0
                ]
            ],
            "position": [
                0.2947691937990352,
                -0.031209731395211104,
                0.42833563835355926
            ],
            "quaternion": [
                0.05156431790524034,
                0.9967501886890706,
                0.06151607726734009,
                0.00678291363582643
            ]
        },
        {
            "camera": "camera_touch",
            "file_path": "./train/tr_9.png",
            "rotation": 0.1,
            "transform_matrix": [
                [
                    -0.9948057710246025,
                    0.1016262062023387,
                    0.0057958734515126155,
                    0.2839825971366633
                ],
                [
                    0.10151834273355168,
                    0.9863608047879877,
                    0.12956229724200782,
                    -0.029544762440892165
                ],
                [
                    0.0074501023334816695,
                    0.12947770847104526,
                    -0.9915543449475213,
                    0.4271375059586856
                ],
                [
                    0.0,
                    0.0,
                    0.0,
                    1.0
                ]
            ],
            "position": [
                0.2839825971366633,
                -0.029544762440892165,
                0.4271375059586856
            ],
            "quaternion": [
                0.05096020429631817,
                0.9965843080440381,
                0.06498196324343698,
                -0.0004149746681345451
            ]
        },
        {
            "camera": "camera_touch",
            "file_path": "./train/tr_10.png",
            "rotation": 0.1,
            "transform_matrix": [
                [
                    -0.9948004336103554,
                    0.10175018647795288,
                    0.0043585364918649035,
                    0.27479861558222823
                ],
                [
                    0.10140137880449483,
                    0.9855910357957075,
                    0.13538120451411217,
                    -0.02852239864364394
                ],
                [
                    0.00947932830935027,
                    0.1351192425631758,
                    -0.990783998974528,
                    0.42598503194162596
                ],
                [
                    0.0,
                    0.0,
                    0.0,
                    1.0
                ]
            ],
            "position": [
                0.27479861558222823,
                -0.02852239864364394,
                0.42598503194162596
            ],
            "quaternion": [
                0.050971879800232545,
                0.9963904455203161,
                0.0678700961775162,
                -0.0012848357069756248
            ]
        },
        {
            "camera": "camera_touch",
            "file_path": "./train/tr_11.png",
            "rotation": 0.1,
            "transform_matrix": [
                [
                    -0.9912392292876536,
                    0.13119107766353738,
                    0.01528697035710479,
                    0.2668214402856017
                ],
                [
                    0.1320725418364707,
                    0.9834112118831765,
                    0.1243351600928545,
                    -0.041442479581096855
                ],
                [
                    0.0012782855991474093,
                    0.12526487729583968,
                    -0.9921225108332066,
                    0.4277361960343702
                ],
                [
                    0.0,
                    0.0,
                    0.0,
                    1.0
                ]
            ],
            "position": [
                0.2668214402856017,
                -0.041442479581096855,
                0.4277361960343702
            ],
            "quaternion": [
                0.0660909800806975,
                0.9958379841979659,
                0.06266080794044933,
                0.003516808387931867
            ]
        },
        {
            "camera": "camera_touch",
            "file_path": "./train/tr_12.png",
            "rotation": 0.1,
            "transform_matrix": [
                [
                    -0.991025366041285,
                    0.13235146846955478,
                    0.01875666965879355,
                    0.2787022600378532
                ],
                [
                    0.13363622053920735,
                    0.9842773275087364,
                    0.11549676667446587,
                    -0.04324895857375735
                ],
                [
                    -0.003175598011870423,
                    0.11696679591325104,
                    -0.9931307488095685,
                    0.427527636833124
                ],
                [
                    0.0,
                    0.0,
                    0.0,
                    1.0
                ]
            ],
            "position": [
                0.2787022600378532,
                -0.04324895857375735,
                0.427527636833124
            ],
            "quaternion": [
                0.06676087216368262,
                0.9960463911798719,
                0.05834657326610919,
                0.00550483115845498
            ]
        },
        {
            "camera": "camera_touch",
            "file_path": "./train/tr_13.png",
            "rotation": 0.1,
            "transform_matrix": [
                [
                    -0.9909625564431086,
                    0.1329803495551088,
                    0.017590860125061017,
                    0.2912669209666938
                ],
                [
                    0.13410209526613748,
                    0.9852026023993132,
                    0.1067354686636666,
                    -0.04499876897025796
                ],
                [
                    -0.0031368412408296787,
                    0.10812982409040461,
                    -0.9941318329925903,
                    0.4282033105049182
                ],
                [
                    0.0,
                    0.0,
                    0.0,
                    1.0
                ]
            ],
            "position": [
                0.2912669209666938,
                -0.04499876897025796,
                0.4282033105049182
            ],
            "quaternion": [
                0.06701991328370228,
                0.9962802320512505,
                0.05391688434518038,
                0.005201273146358304
            ]
        },
        {
            "camera": "camera_touch",
            "file_path": "./train/tr_14.png",
            "rotation": 0.1,
            "transform_matrix": [
                [
                    -0.9909346654106789,
                    0.1335210280288386,
                    0.01485341582085433,
                    0.3048957555243188
                ],
                [
                    0.13433441049583797,
                    0.9861502973636375,
                    0.09727207804064401,
                    -0.04677372407900218
                ],
                [
                    -0.0016598325701130496,
                    0.09838559896515107,
                    -0.9951469835517299,
                    0.42806615090532324
                ],
                [
                    0.0,
                    0.0,
                    0.0,
                    1.0
                ]
            ],
            "position": [
                0.3048957555243188,
                -0.04677372407900218,
                0.42806615090532324
            ],
            "quaternion": [
                0.06719751062825634,
                0.9965229748603858,
                0.049085091953007365,
                0.004142716647348713
            ]
        },
        {
            "camera": "camera_touch",
            "file_path": "./train/tr_15.png",
            "rotation": 0.1,
            "transform_matrix": [
                [
                    -0.9909333937929293,
                    0.13316423117721143,
                    0.017840868841221005,
                    0.31833162082533556
                ],
                [
                    0.13422335734277796,
                    0.9870580451723937,
                    0.08775252591285132,
                    -0.04857514784499858
                ],
                [
                    -0.005924475475549507,
                    0.08935156963050456,
                    -0.9959825287598698,
                    0.42929193117943454
                ],
                [
                    0.0,
                    0.0,
                    0.0,
                    1.0
                ]
            ],
            "position": [
                0.31833162082533556,
                -0.04857514784499858,
                0.42929193117943454
            ],
            "quaternion": [
                0.0670654358665798,
                0.996741463368287,
                0.04442077295776805,
                0.005960759749341948
            ]
        },
        {
            "camera": "camera_touch",
            "file_path": "./train/tr_16.png",
            "rotation": 0.1,
            "transform_matrix": [
                [
                    -0.9925440552879266,
                    0.12056191698825536,
                    0.017919890756204315,
                    0.3239513645293361
                ],
                [
                    0.12177426647834869,
                    0.987160526465636,
                    0.10336886867789741,
                    -0.0399500090271217
                ],
                [
                    -0.005227459828386798,
                    0.10478033766029435,
                    -0.9944816511648353,
                    0.42882374847177473
                ],
                [
                    0.0,
                    0.0,
                    0.0,
                    1.0
                ]
            ],
            "position": [
                0.3239513645293361,
                -0.0399500090271217,
                0.42882374847177473
            ],
            "quaternion": [
                0.060780486584094705,
                0.9967680829052858,
                0.05220602991410854,
                0.005805601175764825
            ]
        },
        {
            "camera": "camera_touch",
            "file_path": "./train/tr_17.png",
            "rotation": 0.1,
            "transform_matrix": [
                [
                    -0.9925623498900153,
                    0.12062954824114691,
                    0.016385776513398082,
                    0.3323759988101932
                ],
                [
                    0.12165762587134157,
                    0.987756411605485,
                    0.09765599520564193,
                    -0.040862206063993836
                ],
                [
                    -0.004404957225547328,
                    0.09892311875083847,
                    -0.9950853294710199,
                    0.4281539471684098
                ],
                [
                    0.0,
                    0.0,
                    0.0,
                    1.0
                ]
            ],
            "position": [
                0.3323759988101932,
                -0.040862206063993836,
                0.4281539471684098
            ],
            "quaternion": [
                0.06075888569025359,
                0.9969207970681072,
                0.04929657526331884,
                0.005213737868248022
            ]
        },
        {
            "camera": "camera_touch",
            "file_path": "./train/tr_18.png",
            "rotation": 0.1,
            "transform_matrix": [
                [
                    -0.9933757733316857,
                    0.11248225465609159,
                    0.02350139028137081,
                    0.33688240442368117
                ],
                [
                    0.1145278292753945,
                    0.9858260424211113,
                    0.12259849267342324,
                    -0.03131289005406432
                ],
                [
                    -0.009378127699132776,
                    0.12447793568264007,
                    -0.9921780557183509,
                    0.4295208455795349
                ],
                [
                    0.0,
                    0.0,
                    0.0,
                    1.0
                ]
            ],
            "position": [
                0.33688240442368117,
                -0.03131289005406432,
                0.4295208455795349
            ],
            "quaternion": [
                0.056956651622202745,
                0.9964160881376478,
                0.061991281665627236,
                0.008249445217097473
            ]
        },
        {
            "camera": "camera_touch",
            "file_path": "./train/tr_19.png",
            "rotation": 0.1,
            "transform_matrix": [
                [
                    -0.9958644114075251,
                    0.08792972533899647,
                    0.02285689160303312,
                    0.344038034120056
                ],
                [
                    0.0902024408625368,
                    0.9869715325456929,
                    0.13323180403659893,
                    -0.0198779994346362
                ],
                [
                    -0.010844065399319237,
                    0.1347425595207943,
                    -0.9908213001845495,
                    0.42958565683316485
                ],
                [
                    0.0,
                    0.0,
                    0.0,
                    1.0
                ]
            ],
            "position": [
                0.344038034120056,
                -0.0198779994346362,
                0.42958565683316485
            ],
            "quaternion": [
                0.044680411413314094,
                0.9967017426976257,
                0.06721528776795548,
                0.008453120264556411
            ]
        },
        {
            "camera": "camera_touch",
            "file_path": "./train/tr_20.png",
            "rotation": 0.1,
            "transform_matrix": [
                [
                    -0.9999415011034073,
                    -0.0037970741650541536,
                    0.010128010606678785,
                    0.3436036272684986
                ],
                [
                    -0.0021692224892197838,
                    0.9877323962857634,
                    0.15614098693608897,
                    0.01645806441356868
                ],
                [
                    -0.010596643093743545,
                    0.1561098829522613,
                    -0.987682851729124,
                    0.4297458047096371
                ],
                [
                    0.0,
                    0.0,
                    0.0,
                    1.0
                ]
            ],
            "position": [
                0.3436036272684986,
                0.01645806441356868,
                0.4297458047096371
            ],
            "quaternion": [
                -0.0014961901976076916,
                0.9969148610409139,
                0.07830430127653085,
                0.005197197778151605
            ]
        },
        {
            "camera": "camera_touch",
            "file_path": "./train/tr_21.png",
            "rotation": 0.1,
            "transform_matrix": [
                [
                    -0.9999926216931152,
                    -0.002244671193704665,
                    0.0031173723810894055,
                    0.32817872565101086
                ],
                [
                    -0.0017034018676710936,
                    0.9864761316459011,
                    0.16389612599148318,
                    0.016285710111542957
                ],
                [
                    -0.0034431063601697213,
                    0.16388960657763219,
                    -0.9864726766993709,
                    0.4297842700184013
                ],
                [
                    0.0,
                    0.0,
                    0.0,
                    1.0
                ]
            ],
            "position": [
                0.32817872565101086,
                0.016285710111542957,
                0.4297842700184013
            ],
            "quaternion": [
                -0.0009903737379674171,
                0.9966119657931649,
                0.08222501867879344,
                0.00164569544505149
            ]
        },
        {
            "camera": "camera_touch",
            "file_path": "./train/tr_22.png",
            "rotation": 0.1,
            "transform_matrix": [
                [
                    -0.9999843449998389,
                    -0.0015271720928496774,
                    -0.0053830753888862,
                    0.3138361254597847
                ],
                [
                    -0.0023980032761505544,
                    0.9861754600086846,
                    0.16568708959042935,
                    0.015286255470270795
                ],
                [
                    0.0050556241485282885,
                    0.1656974043914334,
                    -0.9861636835953812,
                    0.4275386474250702
                ],
                [
                    0.0,
                    0.0,
                    0.0,
                    1.0
                ]
            ],
            "position": [
                0.3138361254597847,
                0.015286255470270795,
                0.4275386474250702
            ],
            "quaternion": [
                -0.000984706436467576,
                0.9965344575052462,
                0.08313423312156519,
                -0.0026187504140639957
            ]
        },
        {
            "camera": "camera_touch",
            "file_path": "./train/tr_23.png",
            "rotation": 0.1,
            "transform_matrix": [
                [
                    -0.9999000367003482,
                    0.013810255417254056,
                    0.0030320705718034574,
                    0.30531433164611455
                ],
                [
                    0.014125944263339926,
                    0.985002878370218,
                    0.17195867905126064,
                    0.010833918742126511
                ],
                [
                    -0.0006118049617365147,
                    0.17198432035419872,
                    -0.9850994971306163,
                    0.42758958047804063
                ],
                [
                    0.0,
                    0.0,
                    0.0,
                    1.0
                ]
            ],
            "position": [
                0.30531433164611455,
                0.010833918742126511,
                0.42758958047804063
            ],
            "quaternion": [
                0.007010386410723556,
                0.9962432714270733,
                0.08630999766122326,
                0.0009144040998690889
            ]
        },
        {
            "camera": "camera_touch",
            "file_path": "./train/tr_24.png",
            "rotation": 0.1,
            "transform_matrix": [
                [
                    -0.9998731336836101,
                    0.013815824448545764,
                    -0.007927138987343055,
                    0.2887093549010539
                ],
                [
                    0.012153134068577296,
                    0.9834046996116745,
                    0.181017949701082,
                    0.011312794080029233
                ],
                [
                    0.010296497949733925,
                    0.18089864503770955,
                    -0.9834478442467053,
                    0.42755484582485914
                ],
                [
                    0.0,
                    0.0,
                    0.0,
                    1.0
                ]
            ],
            "position": [
                0.2887093549010539,
                0.011312794080029233,
                0.42755484582485914
            ],
            "quaternion": [
                0.006519412559185477,
                0.9958320501747914,
                0.09085784443615456,
                -0.004574977754432408
            ]
        },
        {
            "camera": "camera_touch",
            "file_path": "./train/tr_25.png",
            "rotation": 0.1,
            "transform_matrix": [
                [
                    -0.9995348198304838,
                    0.012669085259153749,
                    0.02774235435463493,
                    0.2745955258472464
                ],
                [
                    0.01769278148758256,
                    0.9817985513889521,
                    0.18909936534475183,
                    0.010819680160919954
                ],
                [
                    -0.024841687335495036,
                    0.18950223948347303,
                    -0.9815659895295239,
                    0.427214236062441
                ],
                [
                    0.0,
                    0.0,
                    0.0,
                    1.0
                ]
            ],
            "position": [
                0.2745955258472464,
                0.010819680160919954,
                0.427214236062441
            ],
            "quaternion": [
                0.007625915067489966,
                0.9953516428409453,
                0.09509242982056743,
                0.01320740385231378
            ]
        },
        {
            "camera": "camera_touch",
            "file_path": "./train/tr_26.png",
            "rotation": 0.1,
            "transform_matrix": [
                [
                    -0.9994887100460897,
                    -0.027975591802098153,
                    0.015481755511739147,
                    0.2940878810848879
                ],
                [
                    -0.0243190548311501,
                    0.9795041237795923,
                    0.19995063158413084,
                    0.029688270416773365
                ],
                [
                    -0.020758180616865286,
                    0.19947189717375147,
                    -0.9796836531122591,
                    0.4276998763145514
                ],
                [
                    0.0,
                    0.0,
                    0.0,
                    1.0
                ]
            ],
            "position": [
                0.2940878810848879,
                0.029688270416773365,
                0.4276998763145514
            ],
            "quaternion": [
                -0.013141720999714843,
                0.9948211770952795,
                0.1003754642563998,
                0.009107148825187945
            ]
        },
        {
            "camera": "camera_touch",
            "file_path": "./train/tr_27.png",
            "rotation": 0.1,
            "transform_matrix": [
                [
                    -0.9995131445466734,
                    -0.0269387954687625,
                    0.015740875995739114,
                    0.3060312669101117
                ],
                [
                    -0.023376277598801735,
                    0.9807148145372452,
                    0.1940412383819492,
                    0.029861219390473637
                ],
                [
                    -0.020664547516091775,
                    0.19357880525994797,
                    -0.9808670769426847,
                    0.42657917488152625
                ],
                [
                    0.0,
                    0.0,
                    0.0,
                    1.0
                ]
            ],
            "position": [
                0.3060312669101117,
                0.029861219390473637,
                0.42657917488152625
            ],
            "quaternion": [
                -0.012640390547518124,
                0.9951250231511496,
                0.0973797400452984,
                0.009145942620800781
            ]
        },
        {
            "camera": "camera_touch",
            "file_path": "./train/tr_28.png",
            "rotation": 0.1,
            "transform_matrix": [
                [
                    -0.9993116891318538,
                    -0.027829831212234438,
                    0.02452852337870125,
                    0.3225076210089825
                ],
                [
                    -0.02276232666313116,
                    0.9821084352576858,
                    0.1869355447221877,
                    0.029790750630156106
                ],
                [
                    -0.029292054371823435,
                    0.18624854869340235,
                    -0.9820659110570324,
                    0.4291187922055194
                ],
                [
                    0.0,
                    0.0,
                    0.0,
                    1.0
                ]
            ],
            "position": [
                0.3225076210089825,
                0.029790750630156106,
                0.4291187922055194
            ],
            "quaternion": [
                -0.012706166828127887,
                0.9954253169316001,
                0.09372478952614519,
                0.013516981057994709
            ]
        },
        {
            "camera": "camera_touch",
            "file_path": "./train/tr_29.png",
            "rotation": 0.1,
            "transform_matrix": [
                [
                    -0.9994893055302184,
                    -0.01293283760835646,
                    0.02922105135203495,
                    0.3346284720297651
                ],
                [
                    -0.007447927144216904,
                    0.9835379109777923,
                    0.18054834823585225,
                    0.024839773391715916
                ],
                [
                    -0.031075014271546523,
                    0.1802385069313326,
                    -0.9831319464381105,
                    0.4292064089621848
                ],
                [
                    0.0,
                    0.0,
                    0.0,
                    1.0
                ]
            ],
            "position": [
                0.3346284720297651,
                0.024839773391715916,
                0.4292064089621848
            ],
            "quaternion": [
                -0.005116882245876536,
                0.9957609369215203,
                0.09058069587489352,
                0.015138188945856631
            ]
        },
        {
            "camera": "camera_touch",
            "file_path": "./train/tr_30.png",
            "rotation": 0.1,
            "transform_matrix": [
                [
                    -0.998942756908204,
                    -0.04114229169875279,
                    0.020510491325448806,
                    0.3372445971269278
                ],
                [
                    -0.03614750871793744,
                    0.9786163692024363,
                    0.20249286294219684,
                    0.04114064613295274
                ],
                [
                    -0.028402922985552213,
                    0.20153737559771742,
                    -0.9790689251544352,
                    0.4286178674402374
                ],
                [
                    0.0,
                    0.0,
                    0.0,
                    1.0
                ]
            ],
            "position": [
                0.3372445971269278,
                0.04114064613295274,
                0.4286178674402374
            ],
            "quaternion": [
                -0.01942806683727814,
                0.9945637563533926,
                0.10155966811035819,
                0.012295193898164022
            ]
        },
        {
            "camera": "camera_touch",
            "file_path": "./train/tr_31.png",
            "rotation": 0.1,
            "transform_matrix": [
                [
                    -0.9953144556492954,
                    -0.09656927990212376,
                    0.00484856213037828,
                    0.3288044200768098
                ],
                [
                    -0.09349335632901772,
                    0.9739777527112653,
                    0.20646144808619515,
                    0.059879218028996116
                ],
                [
