{
    "w": 1280,
    "h": 720,
    "fl_x": 1297.67,
    "fl_y": 1298.63,
    "cx": 620.91,
    "cy": 238.28,
    "k1": 0.0,
    "k2": 0.0,
    "p1": 0.0,
    "p2": 0.0,
    "camera_model": "OPENCV",
    "frames": [
        {
            "file_path": "imgs/c_2.png",
            "transform_matrix": [
                [
                    -0.5242058727879699,
                    0.49852665771336624,
                    -0.690419708933445,
                    -0.08226465911799619
                ],
                [
                    -0.8480871609541323,
                    -0.3790856353901104,
                    0.3701921777477692,
                    0.19765277795596492
                ],
                [
                    -0.07717752496266239,
                    0.7795930044516923,
                    0.6215129741611363,
                    0.7373511146594123
                ],
                [
                    0.0,
                    0.0,
                    0.0,
                    1.0
                ]
            ],
            "colmap_im_id": 1,
            "depth_file_path": "fused_output_dir/c_2.png",
            "uncertainty_file_path": "fused_output_dir_uncertainty/c_2.png"
        },
        {
            "file_path": "imgs/c_3.png",
            "transform_matrix": [
                [
                    -0.5416213878560587,
                    0.47483538724351787,
                    -0.6936696816483872,
                    -0.0852142613866628
                ],
                [
                    -0.8379784685707767,
                    -0.37037641601713184,
                    0.4007660123689134,
                    0.21248375762808958
                ],
                [
                    -0.06662100591144088,
                    0.7983437013464831,
                    0.5985056190978867,
                    0.7306481738049218
                ],
                [
                    0.0,
                    0.0,
                    0.0,
                    1.0
                ]
            ],
            "colmap_im_id": 2,
            "depth_file_path": "fused_output_dir/c_3.png",
            "uncertainty_file_path": "fused_output_dir_uncertainty/c_3.png"
        },
        {
            "file_path": "imgs/c_4.png",
            "transform_matrix": [
                [
                    -0.5660445265325762,
                    0.435189705878545,
                    -0.7001453519661883,
                    -0.09016190336237456
                ],
                [
                    -0.82157933716282,
                    -0.36768511023964107,
                    0.4356776933183114,
                    0.2259928542791595
                ],
                [
                    -0.0678305737084216,
                    0.8218379278211786,
                    0.5656690142344534,
                    0.7264307801111447
                ],
                [
                    0.0,
                    0.0,
                    0.0,
                    1.0
                ]
            ],
            "colmap_im_id": 3,
            "depth_file_path": "fused_output_dir/c_4.png",
            "uncertainty_file_path": "fused_output_dir_uncertainty/c_4.png"
        },
        {
            "file_path": "imgs/c_5.png",
            "transform_matrix": [
                [
                    -0.6154050570904482,
                    0.4277214455160484,
                    -0.6620656921734909,
                    -0.05982361337423649
                ],
                [
                    -0.7854847996523432,
                    -0.4025937974207784,
                    0.4700338964302844,
                    0.24106828381361017
                ],
                [
                    -0.06549996353143983,
                    0.8093037744407097,
                    0.5837269528241782,
                    0.7234332484572765
                ],
                [
                    0.0,
                    0.0,
                    0.0,
                    1.0
                ]
            ],
            "colmap_im_id": 4,
            "depth_file_path": "fused_output_dir/c_5.png",
            "uncertainty_file_path": "fused_output_dir_uncertainty/c_5.png"
        },
        {
            "file_path": "imgs/c_6.png",
            "transform_matrix": [
                [
                    -0.6603198730123625,
                    0.40840948879690075,
                    -0.6302216711329361,
                    -0.03878282191316962
                ],
                [
                    -0.7480652439795268,
                    -0.4316291240756777,
                    0.504078059430793,
                    0.24791991605748098
                ],
                [
                    -0.066151765318755,
                    0.8042996883689046,
                    0.590530232278496,
                    0.7220273266955006
                ],
                [
                    0.0,
                    0.0,
                    0.0,
                    1.0
                ]
            ],
            "colmap_im_id": 5,
            "depth_file_path": "fused_output_dir/c_6.png",
            "uncertainty_file_path": "fused_output_dir_uncertainty/c_6.png"
        },
        {
            "file_path": "imgs/c_7.png",
            "transform_matrix": [
                [
                    -0.6945937480210905,
                    0.3919602353595144,
                    -0.6032467978422491,
                    -0.02075482077081639
                ],
                [
                    -0.7162864053269034,
                    -0.454763446543029,
                    0.5292674118365578,
                    0.252468081321575
                ],
                [
                    -0.06688281359120868,
                    0.7997233156443667,
                    0.5966316348140649,
                    0.7207613650330029
                ],
                [
                    0.0,
                    0.0,
                    0.0,
                    1.0
                ]
            ],
            "colmap_im_id": 6,
            "depth_file_path": "fused_output_dir/c_7.png",
            "uncertainty_file_path": "fused_output_dir_uncertainty/c_7.png"
        },
        {
            "file_path": "imgs/c_8.png",
            "transform_matrix": [
                [
                    -0.6784475510099074,
                    0.4143017385255109,
                    -0.606681951258976,
                    -0.0068601016547200355
                ],
                [
                    -0.7321704395977505,
                    -0.44909248517405054,
                    0.5120960721773132,
                    0.26669410345894995
                ],
                [
                    -0.0602940122059894,
                    0.7916249169997963,
                    0.6080251827656235,
                    0.7133228672251435
                ],
                [
                    0.0,
                    0.0,
                    0.0,
                    1.0
                ]
            ],
            "colmap_im_id": 7,
            "depth_file_path": "fused_output_dir/c_8.png",
            "uncertainty_file_path": "fused_output_dir_uncertainty/c_8.png"
        },
        {
            "file_path": "imgs/c_9.png",
            "transform_matrix": [
                [
                    -0.6872587185504684,
                    0.409827297920319,
                    -0.5997641533600502,
                    0.004517993448355101
                ],
                [
                    -0.7242427117819636,
                    -0.45035072304369567,
                    0.5221654150599482,
                    0.2771710620802722
                ],
                [
                    -0.05610657899992805,
                    0.7932375508845699,
                    0.6063218944253734,
                    0.7072589380474523
                ],
                [
                    0.0,
                    0.0,
                    0.0,
                    1.0
                ]
            ],
            "colmap_im_id": 8,
            "depth_file_path": "fused_output_dir/c_9.png",
            "uncertainty_file_path": "fused_output_dir_uncertainty/c_9.png"
        },
        {
            "file_path": "imgs/c_10.png",
            "transform_matrix": [
                [
                    -0.7189732170365557,
                    0.3909464004246145,
                    -0.5746637496650906,
                    0.019531769151612213
                ],
                [
                    -0.6928064263218442,
                    -0.46931033274173634,
                    0.5475098786588198,
                    0.2778403432867972
                ],
                [
                    -0.05564861931135434,
                    0.7917756775608086,
                    0.6082717382813883,
                    0.7065389379390417
                ],
                [
                    0.0,
                    0.0,
                    0.0,
                    1.0
                ]
            ],
            "colmap_im_id": 9,
            "depth_file_path": "fused_output_dir/c_10.png",
            "uncertainty_file_path": "fused_output_dir_uncertainty/c_10.png"
        },
        {
            "file_path": "imgs/c_11.png",
            "transform_matrix": [
                [
                    -0.7237455976002679,
                    0.396498341491759,
                    -0.5647843616359394,
                    0.038020072692268134
                ],
                [
                    -0.6875779760030519,
                    -0.4837997986668997,
                    0.5414557061527875,
                    0.28235225151020416
                ],
                [
                    -0.058556270968851354,
                    0.7802094718754392,
                    0.6227715015365352,
                    0.7035291853039811
                ],
                [
                    0.0,
                    0.0,
                    0.0,
                    1.0
                ]
            ],
            "colmap_im_id": 10,
            "depth_file_path": "fused_output_dir/c_11.png",
            "uncertainty_file_path": "fused_output_dir_uncertainty/c_11.png"
        },
        {
            "file_path": "imgs/c_12.png",
            "transform_matrix": [
                [
                    -0.7483373090743577,
                    0.3855513311616455,
                    -0.5397605421729459,
                    0.06511186042139051
                ],
                [
                    -0.6609881271509325,
                    -0.5015881573255949,
                    0.5581254484398799,
                    0.289042404327556
                ],
                [
                    -0.05555148614440597,
                    0.7744414060922862,
                    0.6302019842216864,
                    0.6972057535671485
                ],
                [
                    0.0,
                    0.0,
                    0.0,
                    1.0
                ]
            ],
            "colmap_im_id": 11,
            "depth_file_path": "fused_output_dir/c_12.png",
            "uncertainty_file_path": "fused_output_dir_uncertainty/c_12.png"
        },
        {
            "file_path": "imgs/c_13.png",
            "transform_matrix": [
                [
                    -0.7516086910994231,
                    0.37896345158080547,
                    -0.5398806144230175,
                    0.07173674547046037
                ],
                [
                    -0.6577590492261552,
                    -0.49186997933704396,
                    0.5704532904524966,
                    0.2996772375717337
                ],
                [
                    -0.04937011874521441,
                    0.7838690106088764,
                    0.6189603909638686,
                    0.6895777501843887
                ],
                [
                    0.0,
                    0.0,
                    0.0,
                    1.0
                ]
            ],
            "colmap_im_id": 12,
            "depth_file_path": "fused_output_dir/c_13.png",
            "uncertainty_file_path": "fused_output_dir_uncertainty/c_13.png"
        },
        {
            "file_path": "imgs/c_14.png",
            "transform_matrix": [
                [
                    -0.7595435101004331,
                    0.36482116462765646,
                    -0.5385157138877502,
                    0.07190106864992674
                ],
                [
                    -0.6491750318798288,
                    -0.47710829183406306,
                    0.5924014313343661,
                    0.30869483254644337
                ],
                [
                    -0.04080973227229143,
                    0.7995456182750943,
                    0.599217297855261,
                    0.6829583707326785
                ],
                [
                    0.0,
                    0.0,
                    0.0,
                    1.0
                ]
            ],
            "colmap_im_id": 13,
            "depth_file_path": "fused_output_dir/c_14.png",
            "uncertainty_file_path": "fused_output_dir_uncertainty/c_14.png"
        },
        {
            "file_path": "imgs/c_15.png",
            "transform_matrix": [
                [
                    -0.7592705970038249,
                    0.35978108448006313,
                    -0.5422782789083523,
                    0.06939580868440894
                ],
                [
                    -0.6498201922908322,
                    -0.46427017100329415,
                    0.6018196789800727,
                    0.3150059742596569
                ],
                [
                    -0.03524029251525873,
                    0.8093273624232171,
                    0.5862997034081778,
                    0.6784348148832775
                ],
                [
                    0.0,
                    0.0,
                    0.0,
                    1.0
                ]
            ],
            "colmap_im_id": 14,
            "depth_file_path": "fused_output_dir/c_15.png",
            "uncertainty_file_path": "fused_output_dir_uncertainty/c_15.png"
        },
        {
            "file_path": "imgs/c_17.png",
            "transform_matrix": [
                [
                    -0.7584037969741076,
                    0.3365389000485693,
                    -0.5581803019539086,
                    0.05848026687286487
                ],
                [
                    -0.6517088970977778,
                    -0.40463017548208946,
                    0.6415215776050964,
                    0.3424808883150955
                ],
                [
                    -0.00995962744561385,
                    0.8503034692646108,
                    0.5261984568370688,
                    0.6566565553982668
                ],
                [
                    0.0,
                    0.0,
                    0.0,
                    1.0
                ]
            ],
            "colmap_im_id": 15,
            "depth_file_path": "fused_output_dir/c_17.png",
            "uncertainty_file_path": "fused_output_dir_uncertainty/c_17.png"
        },
        {
            "file_path": "imgs/c_18.png",
            "transform_matrix": [
                [
                    -0.7662114847292132,
                    0.325220070652257,
                    -0.554212834851374,
                    0.059896776942757954
                ],
                [
                    -0.6425810371401968,
                    -0.3919347260957881,
                    0.6583895360560105,
                    0.34896370466415494
                ],
                [
                    -0.0030937641934010718,
                    0.8605922821668578,
                    0.5092851386973268,
                    0.6503615193299601
                ],
                [
                    0.0,
                    0.0,
                    0.0,
                    1.0
                ]
            ],
            "colmap_im_id": 16,
            "depth_file_path": "fused_output_dir/c_18.png",
            "uncertainty_file_path": "fused_output_dir_uncertainty/c_18.png"
        },
        {
            "file_path": "imgs/c_19.png",
            "transform_matrix": [
                [
                    -0.8008884889286694,
                    0.30266616937616575,
                    -0.5166921890417066,
                    0.0792173304469254
                ],
                [
                    -0.5988060707116111,
                    -0.40910164393149157,
                    0.6885253333113257,
                    0.3452334034371693
                ],
                [
                    -0.002986298791736508,
                    0.8608304332722614,
                    0.5088831370480036,
                    0.6502320343590766
                ],
                [
                    0.0,
                    0.0,
                    0.0,
                    1.0
                ]
            ],
            "colmap_im_id": 17,
            "depth_file_path": "fused_output_dir/c_19.png",
            "uncertainty_file_path": "fused_output_dir_uncertainty/c_19.png"
        },
        {
            "file_path": "imgs/c_20.png",
            "transform_matrix": [
                [
                    -0.8208726165299888,
                    0.28244484317289653,
                    -0.4963799532578314,
                    0.08842205940698396
                ],
                [
                    -0.5710838482728732,
                    -0.3974196517942724,
                    0.7182763107673571,
                    0.3514044727376985
                ],
                [
                    0.005602291768108392,
                    0.8730879285230995,
                    0.487530597392807,
                    0.6421530998971035
                ],
                [
                    0.0,
                    0.0,
                    0.0,
                    1.0
                ]
            ],
            "colmap_im_id": 18,
            "depth_file_path": "fused_output_dir/c_20.png",
            "uncertainty_file_path": "fused_output_dir_uncertainty/c_20.png"
        },
        {
            "file_path": "imgs/c_21.png",
            "transform_matrix": [
                [
                    -0.8257799203540872,
                    0.27294993066749584,
                    -0.4935441808882026,
                    0.08918147415118496
                ],
                [
                    -0.5638136048402379,
                    -0.37747960210083514,
                    0.7345906131954392,
                    0.3595776301166684
                ],
                [
                    0.014203595919827006,
                    0.8848771018318897,
                    0.465607960108654,
                    0.6341291681481862
                ],
                [
                    0.0,
                    0.0,
                    0.0,
                    1.0
                ]
            ],
            "colmap_im_id": 19,
            "depth_file_path": "fused_output_dir/c_21.png",
            "uncertainty_file_path": "fused_output_dir_uncertainty/c_21.png"
        },
        {
            "file_path": "imgs/c_22.png",
            "transform_matrix": [
                [
                    -0.8469827143793403,
                    0.2522476081575421,
                    -0.46796519712624435,
                    0.10053032939090124
                ],
                [
                    -0.5310704642159295,
                    -0.36143790620784044,
                    0.7663724955878634,
                    0.36604384343358853
                ],
                [
                    0.024175267942315837,
                    0.8976267510134107,
                    0.4400929132410861,
                    0.6240008967632749
                ],
                [
                    0.0,
                    0.0,
                    0.0,
                    1.0
                ]
            ],
            "colmap_im_id": 20,
            "depth_file_path": "fused_output_dir/c_22.png",
            "uncertainty_file_path": "fused_output_dir_uncertainty/c_22.png"
        },
        {
            "file_path": "imgs/c_23.png",
            "transform_matrix": [
                [
                    -0.8731932003618121,
                    0.23333734387046667,
                    -0.4278870397632678,
                    0.11913597133719862
                ],
                [
                    -0.4867669383779728,
                    -0.37371887936462844,
                    0.789551864609654,
                    0.3604995622279772
                ],
                [
                    0.024322469941014224,
                    0.8977125838273194,
                    0.4399096887931053,
                    0.6236761769097892
                ],
                [
                    0.0,
                    0.0,
                    0.0,
                    1.0
                ]
            ],
            "colmap_im_id": 21,
            "depth_file_path": "fused_output_dir/c_23.png",
            "uncertainty_file_path": "fused_output_dir_uncertainty/c_23.png"
        },
        {
            "file_path": "imgs/c_25.png",
            "transform_matrix": [
                [
                    -0.9077350169870481,
                    0.2004635679024362,
                    -0.3685532483635826,
                    0.14471843685909247
                ],
                [
                    -0.4177820707843512,
                    -0.3514827248219482,
                    0.8378054878567446,
                    0.36463935324661634
                ],
                [
                    0.03840937732719199,
                    0.9144803180471212,
                    0.4028032617020043,
                    0.6089673530764363
                ],
                [
                    0.0,
                    0.0,
                    0.0,
                    1.0
                ]
            ],
            "colmap_im_id": 22,
            "depth_file_path": "fused_output_dir/c_25.png",
            "uncertainty_file_path": "fused_output_dir_uncertainty/c_25.png"
        },
        {
            "file_path": "imgs/c_26.png",
            "transform_matrix": [
                [
                    -0.926014539566928,
                    0.18306311810088335,
                    -0.33012871323444687,
                    0.16096553780659525
                ],
                [
                    -0.3750401649418138,
                    -0.3467302071157251,
                    0.859722651879025,
                    0.362368577272398
                ],
                [
                    0.042917912240307055,
                    0.9199272026984896,
                    0.38973323510353164,
                    0.6038262717947895
                ],
                [
                    0.0,
                    0.0,
                    0.0,
                    1.0
                ]
            ],
            "colmap_im_id": 23,
            "depth_file_path": "fused_output_dir/c_26.png",
            "uncertainty_file_path": "fused_output_dir_uncertainty/c_26.png"
        },
        {
            "file_path": "imgs/c_27.png",
            "transform_matrix": [
                [
                    -0.9414182238117837,
                    0.06602012272693084,
                    -0.3307159979048296,
                    0.1541029467656611
                ],
                [
                    -0.32926465455768605,
                    -0.3919628098717626,
                    0.859040128827775,
                    0.3596148165461223
                ],
                [
                    -0.07291443707575279,
                    0.917609121070924,
                    0.3907390251732896,
                    0.6041348602435068
                ],
                [
                    0.0,
                    0.0,
                    0.0,
                    1.0
                ]
            ],
            "colmap_im_id": 24,
            "depth_file_path": "fused_output_dir/c_27.png",
            "uncertainty_file_path": "fused_output_dir_uncertainty/c_27.png"
        },
        {
            "file_path": "imgs/c_28.png",
            "transform_matrix": [
                [
                    -0.9447440920133391,
                    0.06045185649272081,
                    -0.3221865510111732,
                    0.1584248529496512
                ],
                [
                    -0.3210727339428462,
                    -0.3688639706404655,
                    0.8722681185746824,
                    0.36590070183979645
                ],
                [
                    -0.06611278336568599,
                    0.9275154684477954,
                    0.3678914998552002,
                    0.5969720006117776
                ],
                [
                    0.0,
                    0.0,
                    0.0,
                    1.0
                ]
            ],
            "colmap_im_id": 25,
            "depth_file_path": "fused_output_dir/c_28.png",
            "uncertainty_file_path": "fused_output_dir_uncertainty/c_28.png"
        },
        {
            "file_path": "imgs/c_41.png",
            "transform_matrix": [
                [
                    -0.5025297459298068,
                    0.40075323152389697,
                    -0.7660683402144208,
                    -0.05734488328569151
                ],
                [
                    -0.8545431590486011,
                    -0.36473157047185584,
                    0.3697659676394932,
                    0.34042778894527537
                ],
                [
                    -0.131224402376086,
                    0.8404568572653134,
                    0.5257493959071674,
                    0.6837516272685702
                ],
                [
                    0.0,
                    0.0,
                    0.0,
                    1.0
                ]
            ],
            "colmap_im_id": 26,
            "depth_file_path": "fused_output_dir/c_41.png",
            "uncertainty_file_path": "fused_output_dir_uncertainty/c_41.png"
        },
        {
            "file_path": "imgs/c_44.png",
            "transform_matrix": [
                [
                    -0.43435859107614916,
                    0.46470095443987314,
                    -0.7716123620711461,
                    -0.07848490061165558
                ],
                [
                    -0.8867781134755398,
                    -0.3708608441759702,
                    0.27583837970421965,
                    0.2942407783119484
                ],
                [
                    -0.15797845365462054,
                    0.8040617247449089,
                    0.5731732294700591,
                    0.7140061555828889
                ],
                [
                    0.0,
                    0.0,
                    0.0,
                    1.0
                ]
            ],
            "colmap_im_id": 27,
            "depth_file_path": "fused_output_dir/c_44.png",
            "uncertainty_file_path": "fused_output_dir_uncertainty/c_44.png"
        },
        {
            "file_path": "imgs/c_46.png",
            "transform_matrix": [
                [
                    -0.5096366497777552,
                    0.4222494923641279,
                    -0.7496504861610793,
                    -0.08446302392826092
                ],
                [
                    -0.858569790995244,
                    -0.3062237878551449,
                    0.411199350366742,
                    0.27566021371996946
                ],
                [
                    -0.05593209448688069,
                    0.8531895205344964,
                    0.5185935237316672,
                    0.7256991105559945
                ],
                [
                    0.0,
                    0.0,
                    0.0,
                    1.0
                ]
            ],
            "colmap_im_id": 28,
            "depth_file_path": "fused_output_dir/c_46.png",
            "uncertainty_file_path": "fused_output_dir_uncertainty/c_46.png"
        },
        {
            "file_path": "imgs/c_47.png",
            "transform_matrix": [
                [
                    -0.49862827076483535,
                    0.43162109588794895,
                    -0.7517134275630288,
                    -0.08615747802977586
                ],
                [
                    -0.8659104892402916,
                    -0.28765401145564123,
                    0.4092116742190003,
                    0.2753835125277436
                ],
                [
                    -0.0396089916270278,
                    0.8549610513222016,
                    0.5171776566174594,
                    0.7260306554010136
                ],
                [
                    0.0,
                    0.0,
                    0.0,
                    1.0
                ]
            ],
            "colmap_im_id": 29,
            "depth_file_path": "fused_output_dir/c_47.png",
            "uncertainty_file_path": "fused_output_dir_uncertainty/c_47.png"
        },
        {
            "file_path": "imgs/c_48.png",
            "transform_matrix": [
                [
                    -0.42173701054094354,
                    0.45755367075420283,
                    -0.782804274591895,
                    -0.10837691669595383
                ],
                [
                    -0.9058174514139613,
                    -0.2510808645220493,
                    0.34125231747898244,
                    0.2658533394109642
                ],
                [
                    -0.040405923500201724,
                    0.85299650518054,
                    0.5203501931352396,
                    0.7269775398287506
                ],
                [
                    0.0,
                    0.0,
                    0.0,
                    1.0
                ]
            ],
            "colmap_im_id": 30,
            "depth_file_path": "fused_output_dir/c_48.png",
            "uncertainty_file_path": "fused_output_dir_uncertainty/c_48.png"
        },
        {
            "file_path": "imgs/c_52.png",
            "transform_matrix": [
                [
                    -0.09672828327840377,
                    0.6479077227758171,
                    -0.7555522629053981,
                    -0.11687823635049005
                ],
                [
                    -0.9925151524265904,
                    -0.11964580758011534,
                    0.02446534144711532,
                    0.1900958157433103
                ],
                [
                    -0.07454737700036673,
                    0.7522635598618059,
                    0.654631365797888,
                    0.7624543883598445
                ],
                [
                    0.0,
                    0.0,
                    0.0,
                    1.0
                ]
            ],
            "colmap_im_id": 31,
            "depth_file_path": "fused_output_dir/c_52.png",
            "uncertainty_file_path": "fused_output_dir_uncertainty/c_52.png"
        },
        {
            "file_path": "imgs/c_55.png",
            "transform_matrix": [
                [
                    -0.1561088570055616,
                    0.5834970593829634,
                    -0.7969700160331328,
                    -0.13346466427822629
                ],
                [
                    -0.9872190582768945,
                    -0.06597290448920906,
                    0.14507276397773466,
                    0.17852299129697904
                ],
                [
                    0.032071104429049535,
                    0.8094311320703524,
                    0.5863383721845338,
                    0.764295194041184
                ],
                [
                    0.0,
                    0.0,
                    0.0,
                    1.0
                ]
            ],
            "colmap_im_id": 32,
            "depth_file_path": "fused_output_dir/c_55.png",
            "uncertainty_file_path": "fused_output_dir_uncertainty/c_55.png"
        },
        {
            "file_path": "imgs/c_58.png",
            "transform_matrix": [
                [
                    -0.04133192681273512,
                    0.3439064902088182,
                    -0.9380938107770451,
                    -0.246932771067048
                ],
                [
                    -0.9986392508263748,
                    0.01566432558841313,
                    0.04974209095722315,
                    0.18612860368867032
                ],
                [
                    0.031801234801233424,
                    0.9388732368622039,
                    0.342791082977671,
                    0.7673779617283398
                ],
                [
                    0.0,
                    0.0,
                    0.0,
                    1.0
                ]
            ],
            "colmap_im_id": 33,
            "depth_file_path": "fused_output_dir/c_58.png",
            "uncertainty_file_path": "fused_output_dir_uncertainty/c_58.png"
        },
        {
            "file_path": "imgs/c_59.png",
            "transform_matrix": [
                [
                    -0.04279514165352338,
                    0.2972612626795327,
                    -0.9538366304357494,
                    -0.2729865487748242
                ],
                [
                    -0.9981743755218929,
                    0.028006002349763137,
                    0.0535124273777946,
                    0.19027732770120906
                ],
                [
                    0.04262032264464388,
                    0.9543853548449676,
                    0.29552005440428486,
                    0.747633448994284
                ],
                [
                    0.0,
                    0.0,
                    0.0,
                    1.0
                ]
            ],
            "colmap_im_id": 34,
            "depth_file_path": "fused_output_dir/c_59.png",
            "uncertainty_file_path": "fused_output_dir_uncertainty/c_59.png"
        },
        {
            "file_path": "imgs/c_60.png",
            "transform_matrix": [
                [
                    -0.10269796106997736,
                    0.44333144404166414,
                    -0.890455141776385,
                    -0.22479397641866875
                ],
                [
                    -0.9932445222821799,
                    0.0029138230693543377,
                    0.11600357146038331,
                    0.1800774212143494
                ],
                [
                    0.05402265958385555,
                    0.8963530221732132,
                    0.44003728466169023,
                    0.7230510284375025
                ],
                [
                    0.0,
                    0.0,
                    0.0,
                    1.0
                ]
            ],
            "colmap_im_id": 35,
            "depth_file_path": "fused_output_dir/c_60.png",
            "uncertainty_file_path": "fused_output_dir_uncertainty/c_60.png"
        },
        {
            "file_path": "imgs/c_62.png",
            "transform_matrix": [
                [
                    0.010625414168197622,
                    0.5101711761016834,
                    -0.8600072509280252,
                    -0.21657064003990528
                ],
                [
                    -0.9987662039084835,
                    0.047137925860262664,
                    0.015623247928316208,
                    0.1345662576604255
                ],
                [
                    0.04850948880365097,
                    0.8587801738632637,
                    0.5100425888838998,
                    0.7266527854118991
                ],
                [
                    0.0,
                    0.0,
                    0.0,
                    1.0
                ]
            ],
            "colmap_im_id": 36,
            "depth_file_path": "fused_output_dir/c_62.png",
            "uncertainty_file_path": "fused_output_dir_uncertainty/c_62.png"
        },
        {
            "file_path": "imgs/c_63.png",
            "transform_matrix": [
                [
                    0.02401336887600597,
                    0.507699157321074,
                    -0.8611997002848386,
                    -0.21907835036951254
                ],
                [
                    -0.998538298600795,
                    0.05390525800999296,
                    0.00393565576556465,
                    0.13177613285177653
                ],
                [
                    0.04842132115766601,
                    0.8598463751242701,
                    0.5082514995973927,
                    0.7266257792141677
                ],
                [
                    0.0,
                    0.0,
                    0.0,
                    1.0
                ]
            ],
            "colmap_im_id": 37,
            "depth_file_path": "fused_output_dir/c_63.png",
            "uncertainty_file_path": "fused_output_dir_uncertainty/c_63.png"
        },
        {
            "file_path": "imgs/c_64.png",
            "transform_matrix": [
                [
                    0.07981751221854516,
                    0.5232977182034777,
                    -0.8484035966839578,
                    -0.2159352810476044
                ],
                [
                    -0.9956916328786254,
                    0.08215187331459439,
                    -0.043002813005653784,
                    0.11980333127426607
                ],
                [
                    0.04719467087223733,
                    0.8481807400748594,
                    0.5276003176717435,
                    0.7315500566518065
                ],
                [
                    0.0,
                    0.0,
                    0.0,
                    1.0
                ]
            ],
            "colmap_im_id": 38,
            "depth_file_path": "fused_output_dir/c_64.png",
            "uncertainty_file_path": "fused_output_dir_uncertainty/c_64.png"
        },
        {
            "file_path": "imgs/c_65.png",
            "transform_matrix": [
                [
                    0.09500961667814428,
                    0.5125257675007531,
                    -0.8533993850398746,
                    -0.2164782550589872
                ],
                [
                    -0.9952454164873705,
                    0.06736956515705167,
                    -0.07034132961090711,
                    0.0831588518269676
                ],
                [
                    0.021441401529578075,
                    0.8560249291570391,
                    0.516489677498141,
                    0.7407628489492222
                ],
                [
                    0.0,
                    0.0,
                    0.0,
                    1.0
                ]
            ],
            "colmap_im_id": 39,
            "depth_file_path": "fused_output_dir/c_65.png",
            "uncertainty_file_path": "fused_output_dir_uncertainty/c_65.png"
        },
        {
            "file_path": "imgs/c_66.png",
            "transform_matrix": [
                [
                    0.09374890697493843,
                    0.5121302233126926,
                    -0.8537761866031961,
                    -0.2166407547870393
                ],
                [
