{
    "w": 1280,
    "h": 720,
    "fl_x": 1297.67,
    "fl_y": 1298.63,
    "cx": 620.91,
    "cy": 238.28,
    "k1": 0.0,
    "k2": 0.0,
    "p1": 0.0,
    "p2": 0.0,
    "camera_model": "OPENCV",
    "frames": [
        {
            "file_path": "imgs/c_0.png",
            "transform_matrix": [
                [
                    -0.5197396698110156,
                    0.5891918370331098,
                    -0.6186466316066761,
                    0.10031565883969934
                ],
                [
                    -0.8464942990102308,
                    -0.25733955780396933,
                    0.4660726914682256,
                    0.1528236252076162
                ],
                [
                    0.11540397466255248,
                    0.7659173135285604,
                    0.6324971078742403,
                    0.6328136217943738
                ],
                [
                    0.0,
                    0.0,
                    0.0,
                    1.0
                ]
            ],
            "colmap_im_id": 1,
            "depth_file_path": "fused_output_dir/c_0.png",
            "uncertainty_file_path": "fused_output_dir_uncertainty/c_0.png"
        },
        {
            "file_path": "imgs/c_1.png",
            "transform_matrix": [
                [
                    -0.5587780411139607,
                    0.5767643165373456,
                    -0.5959110872756549,
                    0.10748644563851395
                ],
                [
                    -0.8212357215901033,
                    -0.28475631332880663,
                    0.4944549844058292,
                    0.14791653529542734
                ],
                [
                    0.11549454685493579,
                    0.7656740593676887,
                    0.6327750346356734,
                    0.6327757961036771
                ],
                [
                    0.0,
                    0.0,
                    0.0,
                    1.0
                ]
            ],
            "colmap_im_id": 2,
            "depth_file_path": "fused_output_dir/c_1.png",
            "uncertainty_file_path": "fused_output_dir_uncertainty/c_1.png"
        },
        {
            "file_path": "imgs/c_3.png",
            "transform_matrix": [
                [
                    -0.7021422862603951,
                    0.5257873168734353,
                    -0.48014987999588,
                    0.14839578458247754
                ],
                [
                    -0.6911101712723895,
                    -0.3409605000332616,
                    0.6372696984644071,
                    0.15756441567155707
                ],
                [
                    0.17135618170603817,
                    0.7792904688446418,
                    0.6027797476350915,
                    0.612404686638294
                ],
                [
                    0.0,
                    0.0,
                    0.0,
                    1.0
                ]
            ],
            "colmap_im_id": 3,
            "depth_file_path": "fused_output_dir/c_3.png",
            "uncertainty_file_path": "fused_output_dir_uncertainty/c_3.png"
        },
        {
            "file_path": "imgs/c_4.png",
            "transform_matrix": [
                [
                    -0.6996137168596617,
                    0.5264621379182555,
                    -0.4830923974979816,
                    0.14754336770343746
                ],
                [
                    -0.693906277884631,
                    -0.3393711032710314,
                    0.6350758472630649,
                    0.15795900035530577
                ],
                [
                    0.1703957883696231,
                    0.7795286214136992,
                    0.6027440615242521,
                    0.6126214466610558
                ],
                [
                    0.0,
                    0.0,
                    0.0,
                    1.0
                ]
            ],
            "colmap_im_id": 4,
            "depth_file_path": "fused_output_dir/c_4.png",
            "uncertainty_file_path": "fused_output_dir_uncertainty/c_4.png"
        },
        {
            "file_path": "imgs/c_6.png",
            "transform_matrix": [
                [
                    -0.702193519697343,
                    0.4498546772013222,
                    -0.5518650471765281,
                    0.1575174217459124
                ],
                [
                    -0.7117774137087988,
                    -0.42477031299543866,
                    0.5594131697875647,
                    0.16227256953217495
                ],
                [
                    0.01723874209653703,
                    0.7856213786537706,
                    0.6184673598283729,
                    0.6075279244613545
                ],
                [
                    0.0,
                    0.0,
                    0.0,
                    1.0
                ]
            ],
            "colmap_im_id": 5,
            "depth_file_path": "fused_output_dir/c_6.png",
            "uncertainty_file_path": "fused_output_dir_uncertainty/c_6.png"
        },
        {
            "file_path": "imgs/c_7.png",
            "transform_matrix": [
                [
                    -0.8060757501851434,
                    0.34443826879691997,
                    -0.4812527027993077,
                    0.1678977736080641
                ],
                [
                    -0.5904996724245135,
                    -0.4139682146797507,
                    0.6927773481439776,
                    0.1652511632769542
                ],
                [
                    0.039395708268798735,
                    0.8426105839728342,
                    0.5370804240958322,
                    0.6010918953891649
                ],
                [
                    0.0,
                    0.0,
                    0.0,
                    1.0
                ]
            ],
            "colmap_im_id": 6,
            "depth_file_path": "fused_output_dir/c_7.png",
            "uncertainty_file_path": "fused_output_dir_uncertainty/c_7.png"
        },
        {
            "file_path": "imgs/c_11.png",
            "transform_matrix": [
                [
                    -0.5163557454417032,
                    0.5380893263294099,
                    -0.6662106431450229,
                    0.09530128219396249
                ],
                [
                    -0.8511428629181669,
                    -0.23660573077821107,
                    0.46858676364828666,
                    0.15826621402044552
                ],
                [
                    0.0945122799048349,
                    0.8089979017607342,
                    0.5801636182094838,
                    0.6352355723376968
                ],
                [
                    0.0,
                    0.0,
                    0.0,
                    1.0
                ]
            ],
            "colmap_im_id": 7,
            "depth_file_path": "fused_output_dir/c_11.png",
            "uncertainty_file_path": "fused_output_dir_uncertainty/c_11.png"
        },
        {
            "file_path": "imgs/c_13.png",
            "transform_matrix": [
                [
                    -0.36074301614448157,
                    0.5169922308957324,
                    -0.776262526144626,
                    0.03864873402382935
                ],
                [
                    -0.9163609151484442,
                    -0.04152437821060395,
                    0.3981939216041963,
                    0.16532912007494463
                ],
                [
                    0.1736293451329255,
                    0.8549823151432294,
                    0.4887311032674667,
                    0.6471324511602567
                ],
                [
                    0.0,
                    0.0,
                    0.0,
                    1.0
                ]
            ],
            "colmap_im_id": 8,
            "depth_file_path": "fused_output_dir/c_13.png",
            "uncertainty_file_path": "fused_output_dir_uncertainty/c_13.png"
        },
        {
            "file_path": "imgs/c_14.png",
            "transform_matrix": [
                [
                    -0.444209011267085,
                    0.44381679399289586,
                    -0.7782705234550424,
                    0.02743155211640058
                ],
                [
                    -0.8958986420534665,
                    -0.21361353918779846,
                    0.38953161494597244,
                    0.1576487364127576
                ],
                [
                    0.006631551543424707,
                    0.8702849586460346,
                    0.4925039220946331,
                    0.6441798020218907
                ],
                [
                    0.0,
                    0.0,
                    0.0,
                    1.0
                ]
            ],
            "colmap_im_id": 9,
            "depth_file_path": "fused_output_dir/c_14.png",
            "uncertainty_file_path": "fused_output_dir_uncertainty/c_14.png"
        },
        {
            "file_path": "imgs/c_19.png",
            "transform_matrix": [
                [
                    -0.3234125903334332,
                    0.46380937549041695,
                    -0.8247940104177578,
                    0.06865181141666737
                ],
                [
                    -0.9415905304335317,
                    -0.07127158744459411,
                    0.32913163600758305,
                    0.1229966274787552
                ],
                [
                    0.09386996011354959,
                    0.8830635447295494,
                    0.45976864460069866,
                    0.5921446207169031
                ],
                [
                    0.0,
                    0.0,
                    0.0,
                    1.0
                ]
            ],
            "colmap_im_id": 10,
            "depth_file_path": "fused_output_dir/c_19.png",
            "uncertainty_file_path": "fused_output_dir_uncertainty/c_19.png"
        },
        {
            "file_path": "imgs/c_20.png",
            "transform_matrix": [
                [
                    -0.3124109860147462,
                    0.46223397220199114,
                    -0.8299030851609497,
                    0.06575400882879011
                ],
                [
                    -0.9464746001930141,
                    -0.07683015661103015,
                    0.31350112954277903,
                    0.11908836926504271
                ],
                [
                    0.08114928839347707,
                    0.8834233877238553,
                    0.46149529901802755,
                    0.5942531079158737
                ],
                [
                    0.0,
                    0.0,
                    0.0,
                    1.0
                ]
            ],
            "colmap_im_id": 11,
            "depth_file_path": "fused_output_dir/c_20.png",
            "uncertainty_file_path": "fused_output_dir_uncertainty/c_20.png"
        },
        {
            "file_path": "imgs/c_21.png",
            "transform_matrix": [
                [
                    -0.2707206537052928,
                    0.5006343521166974,
                    -0.8222381486759621,
                    0.04629556388778478
                ],
                [
                    -0.9587197102285638,
                    -0.06303234192726687,
                    0.277278634392235,
                    0.09412572940755495
                ],
                [
                    0.08698761335177307,
                    0.8633609727986659,
                    0.4970321778029102,
                    0.5963651477735123
                ],
                [
                    0.0,
                    0.0,
                    0.0,
                    1.0
                ]
            ],
            "colmap_im_id": 12,
            "depth_file_path": "fused_output_dir/c_21.png",
            "uncertainty_file_path": "fused_output_dir_uncertainty/c_21.png"
        },
        {
            "file_path": "imgs/c_22.png",
            "transform_matrix": [
                [
                    -0.27436128314583746,
                    0.5003900449775369,
                    -0.821179450058237,
                    0.04665509808812354
                ],
                [
                    -0.9576824435289941,
                    -0.06491609102158918,
                    0.28041083873989603,
                    0.09393601724528655
                ],
                [
                    0.08700703228420631,
                    0.8633630198322462,
                    0.49702522302116603,
                    0.5963619281007113
                ],
                [
                    0.0,
                    0.0,
                    0.0,
                    1.0
                ]
            ],
            "colmap_im_id": 13,
            "depth_file_path": "fused_output_dir/c_22.png",
            "uncertainty_file_path": "fused_output_dir_uncertainty/c_22.png"
        },
        {
            "file_path": "imgs/c_23.png",
            "transform_matrix": [
                [
                    -0.27459749478825946,
                    0.4992020842759833,
                    -0.8218232747437408,
                    0.04622369029312829
                ],
                [
                    -0.9576423913817869,
                    -0.06491419124805509,
                    0.2805480315439477,
                    0.09392294615413786
                ],
                [
                    0.0867021688574448,
                    0.8640505927485527,
                    0.4958823520617468,
                    0.596409826872109
                ],
                [
                    0.0,
                    0.0,
                    0.0,
                    1.0
                ]
            ],
            "colmap_im_id": 14,
            "depth_file_path": "fused_output_dir/c_23.png",
            "uncertainty_file_path": "fused_output_dir_uncertainty/c_23.png"
        },
        {
            "file_path": "imgs/c_26.png",
            "transform_matrix": [
                [
                    -0.11005636547668923,
                    0.4466254232924456,
                    -0.8879264201987151,
                    0.01606440164921554
                ],
                [
                    -0.9911640075492829,
                    0.017228616653507334,
                    0.13151838239216396,
                    0.04292769416794894
                ],
                [
                    0.07403719711676265,
                    0.8945551442125019,
                    0.440782925492859,
                    0.5975737542210593
                ],
                [
                    0.0,
                    0.0,
                    0.0,
                    1.0
                ]
            ],
            "colmap_im_id": 15,
            "depth_file_path": "fused_output_dir/c_26.png",
            "uncertainty_file_path": "fused_output_dir_uncertainty/c_26.png"
        },
        {
            "file_path": "imgs/c_28.png",
            "transform_matrix": [
                [
                    0.12960180226206747,
                    0.43333462462571715,
                    -0.8918657275346513,
                    0.03518944813047037
                ],
                [
                    -0.9883427368398053,
                    0.12892059036039355,
                    -0.08098219506244009,
                    -0.026168283895659675
                ],
                [
                    0.07988746701721994,
                    0.8919644524764518,
                    0.4449914697294278,
                    0.6095929422351964
                ],
                [
                    0.0,
                    0.0,
                    0.0,
                    1.0
                ]
            ],
            "colmap_im_id": 16,
            "depth_file_path": "fused_output_dir/c_28.png",
            "uncertainty_file_path": "fused_output_dir_uncertainty/c_28.png"
        },
        {
            "file_path": "imgs/c_31.png",
            "transform_matrix": [
                [
                    0.32400886447115773,
                    0.4375784189942502,
                    -0.8387749298677227,
                    0.053832073991311805
                ],
                [
                    -0.9419084986554187,
                    0.06629824859533404,
                    -0.32926117656639414,
                    -0.1037223598893152
                ],
                [
                    -0.08846827626220527,
                    0.8967327748352256,
                    0.43364005192268673,
                    0.6023486091719197
                ],
                [
                    0.0,
                    0.0,
                    0.0,
                    1.0
                ]
            ],
            "colmap_im_id": 17,
            "depth_file_path": "fused_output_dir/c_31.png",
            "uncertainty_file_path": "fused_output_dir_uncertainty/c_31.png"
        },
        {
            "file_path": "imgs/c_32.png",
            "transform_matrix": [
                [
                    0.3074740846970675,
                    0.4487409800033182,
                    -0.8391014361240019,
                    0.037099677060690776
                ],
                [
                    -0.9405203593943521,
                    0.009405942858054878,
                    -0.3396070991655946,
                    -0.13566306704628034
                ],
                [
                    -0.14450308233535886,
                    0.8936123662442306,
                    0.4249421114586879,
                    0.5804844805094695
                ],
                [
                    0.0,
                    0.0,
                    0.0,
                    1.0
                ]
            ],
            "colmap_im_id": 18,
            "depth_file_path": "fused_output_dir/c_32.png",
            "uncertainty_file_path": "fused_output_dir_uncertainty/c_32.png"
        },
        {
            "file_path": "imgs/c_33.png",
            "transform_matrix": [
                [
                    0.43148447553274416,
                    0.38560204789995367,
                    -0.8155563794303827,
                    0.041488652337231396
                ],
                [
                    -0.9013138775482404,
                    0.14605025216281942,
                    -0.40780217996245693,
                    -0.1307830731271677
                ],
                [
                    -0.03813714086278541,
                    0.9110325924458129,
                    0.4105668934391488,
                    0.5818542559861349
                ],
                [
                    0.0,
                    0.0,
                    0.0,
                    1.0
                ]
            ],
            "colmap_im_id": 19,
            "depth_file_path": "fused_output_dir/c_33.png",
            "uncertainty_file_path": "fused_output_dir_uncertainty/c_33.png"
        },
        {
            "file_path": "imgs/c_35.png",
            "transform_matrix": [
                [
                    0.47180281962134407,
                    0.410206766347726,
                    -0.7804694153135608,
                    0.04480821685320362
                ],
                [
                    -0.8787898002906487,
                    0.1468667706534902,
                    -0.45404695636347653,
                    -0.150261021519218
                ],
                [
                    -0.07162811111896839,
                    0.900089195869141,
                    0.4297776787795889,
                    0.581945271179608
                ],
                [
                    0.0,
                    0.0,
                    0.0,
                    1.0
                ]
            ],
            "colmap_im_id": 20,
            "depth_file_path": "fused_output_dir/c_35.png",
            "uncertainty_file_path": "fused_output_dir_uncertainty/c_35.png"
        },
        {
            "file_path": "imgs/c_37.png",
            "transform_matrix": [
                [
                    0.44664199712761465,
                    0.5009813985933123,
                    -0.7413019389326759,
                    0.06536852549394133
                ],
                [
                    -0.8937584804137606,
                    0.21156728354155488,
                    -0.39551872676692934,
                    -0.13095872966630712
                ],
                [
                    -0.04131228740146853,
                    0.8392001684927954,
                    0.5422512075701835,
                    0.6100308520151985
                ],
                [
                    0.0,
                    0.0,
                    0.0,
                    1.0
                ]
            ],
            "colmap_im_id": 21,
            "depth_file_path": "fused_output_dir/c_37.png",
            "uncertainty_file_path": "fused_output_dir_uncertainty/c_37.png"
        },
        {
            "file_path": "imgs/c_39.png",
            "transform_matrix": [
                [
                    0.4465341367210646,
                    0.5236038408875333,
                    -0.7255661806827799,
                    0.0760632256060624
                ],
                [
                    -0.8947054039643975,
                    0.2707707539425948,
                    -0.3552258984452896,
                    -0.10368917948148401
                ],
                [
                    0.01046445697004672,
                    0.8077884726939235,
                    0.589379570839659,
                    0.6275693985235318
                ],
                [
                    0.0,
                    0.0,
                    0.0,
                    1.0
                ]
            ],
            "colmap_im_id": 22,
            "depth_file_path": "fused_output_dir/c_39.png",
            "uncertainty_file_path": "fused_output_dir_uncertainty/c_39.png"
        },
        {
            "file_path": "imgs/c_40.png",
            "transform_matrix": [
                [
                    0.44661031463736756,
                    0.5233914756040181,
                    -0.7256725088664724,
                    0.07597792327380672
                ],
                [
                    -0.8946635449883176,
                    0.27101425881786234,
                    -0.35514562194449484,
                    -0.10364880792844361
                ],
                [
                    0.010787406011109613,
                    0.8078444372417588,
                    0.5892970363824158,
                    0.627477001841485
                ],
                [
                    0.0,
                    0.0,
                    0.0,
                    1.0
                ]
            ],
            "colmap_im_id": 23,
            "depth_file_path": "fused_output_dir/c_40.png",
            "uncertainty_file_path": "fused_output_dir_uncertainty/c_40.png"
        },
        {
            "file_path": "imgs/c_46.png",
            "transform_matrix": [
                [
                    0.053600073357950404,
                    0.850296164129404,
                    -0.5235680141135859,
                    0.17647538278063798
                ],
                [
                    -0.9976712611754694,
                    0.06774813197592962,
                    0.007889565154079903,
                    -0.03653858285150137
                ],
                [
                    0.042179221905705666,
                    0.5219258796808162,
                    0.8519473512834205,
                    0.6416308066925848
                ],
                [
                    0.0,
                    0.0,
                    0.0,
                    1.0
                ]
            ],
            "colmap_im_id": 24,
            "depth_file_path": "fused_output_dir/c_46.png",
            "uncertainty_file_path": "fused_output_dir_uncertainty/c_46.png"
        },
        {
            "file_path": "imgs/c_47.png",
            "transform_matrix": [
                [
                    0.06787258008445544,
                    0.8767474638413241,
                    -0.4761377925774065,
                    0.17751699606429752
                ],
                [
                    -0.9975420447693965,
                    0.06796450440614395,
                    -0.017049781761617755,
                    -0.022757050457328818
                ],
                [
                    0.017412116183012333,
                    0.4761246798776907,
                    0.8792053840948633,
                    0.6345771325603491
                ],
                [
                    0.0,
                    0.0,
                    0.0,
                    1.0
                ]
            ],
            "colmap_im_id": 25,
            "depth_file_path": "fused_output_dir/c_47.png",
            "uncertainty_file_path": "fused_output_dir_uncertainty/c_47.png"
        },
        {
            "file_path": "imgs/c_48.png",
            "transform_matrix": [
                [
                    -0.030553135375259666,
                    0.8885130835967742,
                    -0.4578329457303097,
                    0.19276273491637044
                ],
                [
                    -0.9981593580876685,
                    -0.0031152889221128244,
                    0.060565591196199475,
                    -0.02279627772317853
                ],
                [
                    0.052387038289584964,
                    0.4588407079284525,
                    0.8869728310196213,
                    0.6308819542503294
                ],
                [
                    0.0,
                    0.0,
                    0.0,
                    1.0
                ]
            ],
            "colmap_im_id": 26,
            "depth_file_path": "fused_output_dir/c_48.png",
            "uncertainty_file_path": "fused_output_dir_uncertainty/c_48.png"
        },
        {
            "file_path": "imgs/c_49.png",
            "transform_matrix": [
                [
                    -0.028823042872284654,
                    0.8913379704139504,
                    -0.45242220844905806,
                    0.19493815950394247
                ],
                [
                    -0.9978414601605374,
                    0.0010606760899785073,
                    0.0656604550008569,
                    -0.020295122804915206
                ],
                [
                    0.05900553011599735,
                    0.4533381711973663,
                    0.8893834099819711,
                    0.6298191857093485
                ],
                [
                    0.0,
                    0.0,
                    0.0,
                    1.0
                ]
            ],
            "colmap_im_id": 27,
            "depth_file_path": "fused_output_dir/c_49.png",
            "uncertainty_file_path": "fused_output_dir_uncertainty/c_49.png"
        },
        {
            "file_path": "imgs/c_52.png",
            "transform_matrix": [
                [
                    -0.10321386624292425,
                    0.9130123419955439,
                    -0.3946585374459795,
                    0.20695113904266213
                ],
                [
                    -0.9928950586542441,
                    -0.07095254144783017,
                    0.09552559532439014,
                    0.014089718413456145
                ],
                [
                    0.05921402127176412,
                    0.4017140777044113,
                    0.9138487289803062,
                    0.6203114334155716
                ],
                [
                    0.0,
                    0.0,
                    0.0,
                    1.0
                ]
            ],
            "colmap_im_id": 28,
            "depth_file_path": "fused_output_dir/c_52.png",
            "uncertainty_file_path": "fused_output_dir_uncertainty/c_52.png"
        },
        {
            "file_path": "imgs/c_53.png",
            "transform_matrix": [
                [
                    -0.040729901235944485,
                    0.8943532185999,
                    -0.44550353031744805,
                    0.21429593747855583
                ],
                [
                    -0.9898337435322716,
                    0.024694320093300456,
                    0.14006909266507891,
                    0.012162443595974886
                ],
                [
                    0.13627265063173555,
                    0.44667942748141953,
                    0.8842551971883861,
                    0.6276838991882745
                ],
                [
                    0.0,
                    0.0,
                    0.0,
                    1.0
                ]
            ],
            "colmap_im_id": 29,
            "depth_file_path": "fused_output_dir/c_53.png",
            "uncertainty_file_path": "fused_output_dir_uncertainty/c_53.png"
        },
        {
            "file_path": "imgs/c_134.png",
            "transform_matrix": [
                [
                    -0.6332489340782799,
                    0.19668098353761493,
                    -0.7485401647229083,
                    -0.041755431983954
                ],
                [
                    -0.7652452845363955,
                    -0.30374977857804936,
                    0.5675700190360631,
                    0.3528915406661491
                ],
                [
                    -0.11573867972088414,
                    0.9322299409096784,
                    0.3428584187212035,
                    0.6139566203070492
                ],
                [
                    0.0,
                    0.0,
                    0.0,
                    1.0
                ]
            ],
            "colmap_im_id": 30,
            "depth_file_path": "fused_output_dir/c_134.png",
            "uncertainty_file_path": "fused_output_dir_uncertainty/c_134.png"
        },
        {
            "file_path": "imgs/c_136.png",
            "transform_matrix": [
                [
                    -0.6675765555583895,
                    0.21421198993727486,
                    -0.7130601418084659,
                    -0.08919435038671235
                ],
                [
                    -0.7426131829559718,
                    -0.26044873048364503,
                    0.617002527782065,
                    0.3240580089746143
                ],
                [
                    -0.05354626941997792,
                    0.941424283814992,
                    0.33294611407047936,
                    0.6089840934602022
                ],
                [
                    0.0,
                    0.0,
                    0.0,
                    1.0
                ]
            ],
            "colmap_im_id": 31,
            "depth_file_path": "fused_output_dir/c_136.png",
            "uncertainty_file_path": "fused_output_dir_uncertainty/c_136.png"
        },
        {
            "file_path": "imgs/c_162.png",
            "transform_matrix": [
                [
                    0.9869561998049232,
                    0.07704833317496897,
                    0.14135421472875648,
                    0.31500145404128593
                ],
                [
                    0.1306464005429702,
                    0.12972964956868616,
                    -0.9829047441374731,
                    -0.27430876758030776
                ],
                [
                    -0.09406900494738006,
                    0.988551350400041,
                    0.11797139454318968,
                    0.49370655601213004
                ],
                [
                    0.0,
                    0.0,
                    0.0,
                    1.0
                ]
            ],
            "colmap_im_id": 32,
            "depth_file_path": "fused_output_dir/c_162.png",
            "uncertainty_file_path": "fused_output_dir_uncertainty/c_162.png"
        },
        {
            "file_path": "imgs/c_184.png",
            "transform_matrix": [
                [
                    0.9765160935233661,
                    0.11357169623288753,
                    -0.18307864131200358,
                    0.2179962057241998
                ],
                [
                    -0.20091011607673026,
                    0.17321446330170334,
                    -0.9641741932665163,
                    -0.3611040117865808
                ],
                [
                    -0.07779102999639043,
                    0.9783139677618261,
                    0.19196441371830641,
                    0.49691949276016184
                ],
                [
                    0.0,
                    0.0,
                    0.0,
                    1.0
                ]
            ],
            "colmap_im_id": 33,
            "depth_file_path": "fused_output_dir/c_184.png",
            "uncertainty_file_path": "fused_output_dir_uncertainty/c_184.png"
        },
        {
            "file_path": "imgs/c_185.png",
            "transform_matrix": [
                [
                    0.9410344872232038,
                    0.11881449369322378,
                    -0.31676049303059367,
                    0.16208919283502654
                ],
                [
                    -0.33367064318873185,
                    0.1714192232552678,
                    -0.9269732206340044,
                    -0.3833404773067714
                ],
                [
                    -0.055839016203546255,
                    0.9780074467952602,
                    0.20095630938698233,
                    0.508261437728253
                ],
                [
                    0.0,
                    0.0,
                    0.0,
                    1.0
                ]
            ],
            "colmap_im_id": 34,
            "depth_file_path": "fused_output_dir/c_185.png",
            "uncertainty_file_path": "fused_output_dir_uncertainty/c_185.png"
        },
        {
            "file_path": "imgs/c_187.png",
            "transform_matrix": [
                [
                    0.8883366689099697,
                    -0.003445892048798943,
                    -0.45917979974943046,
                    0.04732055993458621
                ],
                [
                    -0.45612827900667197,
                    0.10871177799789679,
                    -0.8832489696653756,
                    -0.39445146447432866
                ],
                [
                    0.05296183305315852,
                    0.9940673393450385,
                    0.09500088992807033,
                    0.5484994890017598
                ],
                [
                    0.0,
                    0.0,
                    0.0,
                    1.0
                ]
            ],
            "colmap_im_id": 35,
            "depth_file_path": "fused_output_dir/c_187.png",
            "uncertainty_file_path": "fused_output_dir_uncertainty/c_187.png"
        },
        {
            "file_path": "imgs/c_188.png",
            "transform_matrix": [
                [
                    0.8340612510649976,
                    -0.01373857725328248,
                    -0.5515007533693372,
                    -0.00243372364698502
                ],
                [
                    -0.5452646859018946,
                    0.13138777615274466,
                    -0.8279031794756828,
                    -0.39093100995599933
                ],
                [
                    0.08383466932122532,
                    0.9912358466947673,
                    0.10209429194185611,
                    0.556542159680208
                ],
                [
                    0.0,
                    0.0,
                    0.0,
                    1.0
                ]
            ],
            "colmap_im_id": 36,
            "depth_file_path": "fused_output_dir/c_188.png",
            "uncertainty_file_path": "fused_output_dir_uncertainty/c_188.png"
        },
        {
            "file_path": "imgs/c_191.png",
            "transform_matrix": [
                [
                    0.7506356546354995,
                    0.11285314071809271,
                    -0.6510071294694072,
                    -0.029621996988513463
                ],
                [
                    -0.6500644578787481,
                    0.3023562689285242,
                    -0.6971347697844595,
                    -0.3299071924374561
                ],
                [
                    0.11816223843827789,
                    0.9464908109800562,
                    0.3003212116011309,
                    0.6272520298799028
                ],
                [
                    0.0,
                    0.0,
                    0.0,
                    1.0
                ]
            ],
            "colmap_im_id": 37,
            "depth_file_path": "fused_output_dir/c_191.png",
            "uncertainty_file_path": "fused_output_dir_uncertainty/c_191.png"
        },
        {
            "file_path": "imgs/c_193.png",
            "transform_matrix": [
                [
                    0.38617939352753583,
                    0.598758664170995,
                    -0.7016790848349908,
                    -0.09829002745554613
                ],
                [
                    -0.9066113621590406,
                    0.1061328082302083,
                    -0.4084013528641878,
                    -0.09531105244828364
                ],
                [
                    -0.1700626767366481,
                    0.7938664176656771,
                    0.5838277116443094,
                    0.7376313269001684
                ],
                [
                    0.0,
                    0.0,
                    0.0,
                    1.0
                ]
            ],
            "colmap_im_id": 38,
            "depth_file_path": "fused_output_dir/c_193.png",
            "uncertainty_file_path": "fused_output_dir_uncertainty/c_193.png"
        },
        {
            "file_path": "imgs/c_197.png",
            "transform_matrix": [
                [
                    0.0505389682795328,
                    0.6200140638541929,
                    -0.7829612846803149,
                    -0.07202812998296357
                ],
                [
                    -0.9956076042781674,
                    0.09314178116610033,
                    0.009492465680433215,
                    0.03447964019698142
                ],
                [
                    0.07881187086174452,
                    0.7790424694612066,
                    0.6219980062564965,
                    0.761219584545672
                ],
                [
                    0.0,
                    0.0,
                    0.0,
                    1.0
                ]
            ],
            "colmap_im_id": 39,
            "depth_file_path": "fused_output_dir/c_197.png",
            "uncertainty_file_path": "fused_output_dir_uncertainty/c_197.png"
        },
        {
            "file_path": "imgs/c_201.png",
            "transform_matrix": [
                [
                    -0.3437460038440969,
                    0.30144941395160496,
                    -0.889363219202058,
