{
    "cameras": {
        "camera_touchraw": {
            "w": 640,
            "h": 640,
            "near": 9.999999747378752e-05,
            "far": 3.27,
            "camera_angle_x": [
                0.523598849773407
            ],
            "types": [
                "touch_raw"
            ]
        }
    },
    "frames": [
        {
            "camera": "camera_touchraw",
            "file_path": "./train/t_0.png",
            "rotation": 0.1,
            "transform_matrix": [
                [
                    -0.9812006730827593,
                    0.16637494986080528,
                    0.097798850712854,
                    0.28791101445302125
                ],
                [
                    0.16301731879131545,
                    0.9857529289852568,
                    -0.041430867370572014,
                    -0.022248460307060288
                ],
                [
                    -0.1032985620230563,
                    -0.024709088526326195,
                    -0.9943434356539833,
                    0.47056512001899775
                ],
                [
                    0.0,
                    0.0,
                    0.0,
                    1.0
                ]
            ],
            "position": [
                0.28791101445302125,
                -0.022248460307060288,
                0.47056512001899775
            ],
            "quaternion": [
                0.08274937317504039,
                0.9951503967381576,
                -0.016615568770599637,
                0.050519354686474435
            ]
        },
        {
            "camera": "camera_touchraw",
            "file_path": "./train/t_1.png",
            "rotation": 0.1,
            "transform_matrix": [
                [
                    -0.9827161675037326,
                    0.16656898414737029,
                    0.08076947224594888,
                    0.2838453652917942
                ],
                [
                    0.1668951969134008,
                    0.9859708257374692,
                    -0.0027429986894241124,
                    -0.013344571775905131
                ],
                [
                    -0.08009324174993276,
                    0.010784447815540475,
                    -0.9967290345481569,
                    0.47037366795530405
                ],
                [
                    0.0,
                    0.0,
                    0.0,
                    1.0
                ]
            ],
            "position": [
                0.2838453652917942,
                -0.013344571775905131,
                0.47037366795530405
            ],
            "quaternion": [
                0.08372879253748626,
                0.9956676452008207,
                0.0020191098889228033,
                0.04039066734044092
            ]
        },
        {
            "camera": "camera_touchraw",
            "file_path": "./train/t_2.png",
            "rotation": 0.1,
            "transform_matrix": [
                [
                    -0.984287024840427,
                    0.16047676098717495,
                    0.07366316524455022,
                    0.282803541777434
                ],
                [
                    0.16313035863460268,
                    0.9861013826889725,
                    0.0315047480650535,
                    -0.0031519238280974743
                ],
                [
                    -0.06758356917570049,
                    0.04302641330580219,
                    -0.9967854277303173,
                    0.47110765106738856
                ],
                [
                    0.0,
                    0.0,
                    0.0,
                    1.0
                ]
            ],
            "position": [
                0.282803541777434,
                -0.0031519238280974743,
                0.47110765106738856
            ],
            "quaternion": [
                0.08123580122945921,
                0.9958883027682981,
                0.018709720038298343,
                0.0354574758895432
            ]
        },
        {
            "camera": "camera_touchraw",
            "file_path": "./train/t_3.png",
            "rotation": 0.1,
            "transform_matrix": [
                [
                    -0.9842233093952285,
                    0.16050925838839533,
                    0.0744396078355582,
                    0.28297178258953043
                ],
                [
                    0.16319932852845923,
                    0.9860886733444251,
                    0.03154532405431717,
                    -0.0031679229382092925
                ],
                [
                    -0.06834073756526479,
                    0.04319613725136987,
                    -0.9967264606277875,
                    0.47133285629680943
                ],
                [
                    0.0,
                    0.0,
                    0.0,
                    1.0
                ]
            ],
            "position": [
                0.28297178258953043,
                -0.0031679229382092925,
                0.47133285629680943
            ],
            "quaternion": [
                0.08126265946563947,
                0.9958713087622573,
                0.01876283226187126,
                0.0358430732320167
            ]
        },
        {
            "camera": "camera_touchraw",
            "file_path": "./train/t_4.png",
            "rotation": 0.1,
            "transform_matrix": [
                [
                    -0.986443553335036,
                    0.15868778366798011,
                    0.041800758345913853,
                    0.27954936995962093
                ],
                [
                    0.1604207373119986,
                    0.9861551624356316,
                    0.04199026841814481,
                    0.0020127561790584682
                ],
                [
                    -0.03455869100564828,
                    0.048126738057938864,
                    -0.9982432138311182,
                    0.4709563625694595
                ],
                [
                    0.0,
                    0.0,
                    0.0,
                    1.0
                ]
            ],
            "position": [
                0.27954936995962093,
                0.0020127561790584682,
                0.4709563625694595
            ],
            "quaternion": [
                0.08006950016244975,
                0.9963486012561243,
                0.022611817580167295,
                0.019159823509203887
            ]
        },
        {
            "camera": "camera_touchraw",
            "file_path": "./train/t_5.png",
            "rotation": 0.1,
            "transform_matrix": [
                [
                    -0.9901096598071745,
                    0.13467440346430637,
                    0.039314966718221295,
                    0.28032911717375175
                ],
                [
                    0.13655759889455588,
                    0.9893718360347912,
                    0.049953901202007135,
                    0.012361176565672998
                ],
                [
                    -0.03216960896055811,
                    0.054828597580820156,
                    -0.997977425168849,
                    0.4693079118117012
                ],
                [
                    0.0,
                    0.0,
                    0.0,
                    1.0
                ]
            ],
            "position": [
                0.28032911717375175,
                0.012361176565672998,
                0.4693079118117012
            ],
            "quaternion": [
                0.06799987189527952,
                0.9971784109001356,
                0.02626974852573745,
                0.017921712579528088
            ]
        },
        {
            "camera": "camera_touchraw",
            "file_path": "./train/t_6.png",
            "rotation": 0.1,
            "transform_matrix": [
                [
                    -0.9938390041079822,
                    0.09301656375614785,
                    0.06026568493473989,
                    0.28042375758133825
                ],
                [
                    0.09593029667790422,
                    0.9942587112962146,
                    0.047402459755585866,
                    0.02271569911317541
                ],
                [
                    -0.0555104683185445,
                    0.05289171843104684,
                    -0.9970561940174021,
                    0.4723418352417751
                ],
                [
                    0.0,
                    0.0,
                    0.0,
                    1.0
                ]
            ],
            "position": [
                0.28042375758133825,
                0.02271569911317541,
                0.4723418352417751
            ],
            "quaternion": [
                0.04732462120796175,
                0.9981425401065636,
                0.025120205655403516,
                0.02899790229401014
            ]
        },
        {
            "camera": "camera_touchraw",
            "file_path": "./train/t_7.png",
            "rotation": 0.1,
            "transform_matrix": [
                [
                    -0.9940784215778224,
                    0.09308507398126672,
                    0.05606479069118959,
                    0.2800260172500915
                ],
                [
                    0.09572538581728923,
                    0.9943255224973074,
                    0.04640480385248764,
                    0.022834659908432513
                ],
                [
                    -0.05142705769802428,
                    0.05149683788698906,
                    -0.9973481505593546,
                    0.4708122316059923
                ],
                [
                    0.0,
                    0.0,
                    0.0,
                    1.0
                ]
            ],
            "position": [
                0.2800260172500915,
                0.022834659908432513,
                0.4708122316059923
            ],
            "quaternion": [
                0.047286908759635,
                0.9982174495978131,
                0.024519118301456064,
                0.026920951480168737
            ]
        },
        {
            "camera": "camera_touchraw",
            "file_path": "./train/t_8.png",
            "rotation": 0.1,
            "transform_matrix": [
                [
                    -0.9956336258455583,
                    0.07820776697306553,
                    0.05096300884675853,
                    0.2818058804838996
                ],
                [
                    0.08105160466372818,
                    0.9951155366216796,
                    0.05635340411706684,
                    0.03152999327175134
                ],
                [
                    -0.046306807999070956,
                    0.06023797771533679,
                    -0.9971093548722251,
                    0.4703134845840925
                ],
                [
                    0.0,
                    0.0,
                    0.0,
                    1.0
                ]
            ],
            "position": [
                0.2818058804838996,
                0.03152999327175134,
                0.4703134845840925
            ],
            "quaternion": [
                0.039875408284520825,
                0.9984811877976613,
                0.02919218445509344,
                0.024354445334204257
            ]
        },
        {
            "camera": "camera_touchraw",
            "file_path": "./train/t_9.png",
            "rotation": 0.1,
            "transform_matrix": [
                [
                    -0.9950563641286219,
                    0.07745887207910447,
                    0.06215267768456501,
                    0.28367521204330787
                ],
                [
                    0.08110368966797564,
                    0.9949912755244618,
                    0.05843417794788792,
                    0.03165937632173145
                ],
                [
                    -0.057315126531913015,
                    0.0631861121326329,
                    -0.9963546012862058,
                    0.47398384936921484
                ],
                [
                    0.0,
                    0.0,
                    0.0,
                    1.0
                ]
            ],
            "position": [
                0.28367521204330787,
                0.03165937632173145,
                0.47398384936921484
            ],
            "quaternion": [
                0.03970819175161253,
                0.9982988596940358,
                0.030456885573703157,
                0.02991784709898187
            ]
        },
        {
            "camera": "camera_touchraw",
            "file_path": "./train/t_10.png",
            "rotation": 0.1,
            "transform_matrix": [
                [
                    -0.9955105606317228,
                    0.07943571634588464,
                    0.05146543149852766,
                    0.29632186876367356
                ],
                [
                    0.08167938430445384,
                    0.9957278355709562,
                    0.04306455211452028,
                    0.0354387125725432
                ],
                [
                    -0.04782469916642266,
                    0.0470748811766429,
                    -0.9977458362287696,
                    0.4703776053999582
                ],
                [
                    0.0,
                    0.0,
                    0.0,
                    1.0
                ]
            ],
            "position": [
                0.29632186876367356,
                0.0354387125725432,
                0.4703776053999582
            ],
            "quaternion": [
                0.04033435375820357,
                0.9986221062913643,
                0.022565953006603724,
                0.02485678399338758
            ]
        },
        {
            "camera": "camera_touchraw",
            "file_path": "./train/t_11.png",
            "rotation": 0.1,
            "transform_matrix": [
                [
                    -0.9931276625897122,
                    0.10541265834713767,
                    0.05084896517417251,
                    0.3016079518209041
                ],
                [
                    0.10627585611364174,
                    0.9942298715593847,
                    0.014574117685880256,
                    0.023001187454933816
                ],
                [
                    -0.049019263625712496,
                    0.019877976738063585,
                    -0.9986000089296984,
                    0.4710254315011515
                ],
                [
                    0.0,
                    0.0,
                    0.0,
                    1.0
                ]
            ],
            "position": [
                0.3016079518209041,
                0.023001187454933816,
                0.4710254315011515
            ],
            "quaternion": [
                0.05301526992018779,
                0.9982431761827238,
                0.008628182260401199,
                0.025010998446294647
            ]
        },
        {
            "camera": "camera_touchraw",
            "file_path": "./train/t_12.png",
            "rotation": 0.1,
            "transform_matrix": [
                [
                    -0.987139825913836,
                    0.15073762912273284,
                    0.05322716657177596,
                    0.3033128552992907
                ],
                [
                    0.15108233658159134,
                    0.9885180466199569,
                    0.002489795114333518,
                    0.006044381588928134
                ],
                [
                    -0.05224070891411104,
                    0.01049946061100579,
                    -0.9985793256717413,
                    0.4711067665748073
                ],
                [
                    0.0,
                    0.0,
                    0.0,
                    1.0
                ]
            ],
            "position": [
                0.3033128552992907,
                0.006044381588928134,
                0.4711067665748073
            ],
            "quaternion": [
                0.07569916505096969,
                0.996774474202234,
                0.0032578222939862516,
                0.02645229282744861
            ]
        },
        {
            "camera": "camera_touchraw",
            "file_path": "./train/t_13.png",
            "rotation": 0.1,
            "transform_matrix": [
                [
                    -0.9817375621936281,
                    0.1763121572073205,
                    0.07145195727909492,
                    0.30320917886031773
                ],
                [
                    0.1765631474768192,
                    0.9842852233951719,
                    -0.0028379497873452647,
                    -0.00565953520886322
                ],
                [
                    -0.07082947078152912,
                    0.009829660564719957,
                    -0.997440005134139,
                    0.4723828741348963
                ],
                [
                    0.0,
                    0.0,
                    0.0,
                    1.0
                ]
            ],
            "position": [
                0.30320917886031773,
                -0.00565953520886322,
                0.4723828741348963
            ],
            "quaternion": [
                0.08862451864062114,
                0.9954223979834684,
                0.0017559659004018858,
                0.03573393463920606
            ]
        },
        {
            "camera": "camera_touchraw",
            "file_path": "./train/t_14.png",
            "rotation": 0.1,
            "transform_matrix": [
                [
                    -0.9820185825621128,
                    0.1763659556261577,
                    0.06733909116383675,
                    0.304549576153436
                ],
                [
                    0.17640188605268503,
                    0.9843030887708096,
                    -0.0054593070347073586,
                    -0.005164210563106125
                ],
                [
                    -0.06724491132981643,
                    0.00651760173037981,
                    -0.9977152112541584,
                    0.47116820731848763
                ],
                [
                    0.0,
                    0.0,
                    0.0,
                    1.0
                ]
            ],
            "position": [
                0.304549576153436,
                -0.005164210563106125,
                0.47116820731848763
            ],
            "quaternion": [
                0.0885911135382157,
                0.9954944868661157,
                0.00026577112328329475,
                0.03379828101280643
            ]
        },
        {
            "camera": "camera_touchraw",
            "file_path": "./train/t_15.png",
            "rotation": 0.1,
            "transform_matrix": [
                [
                    -0.9767451862922861,
                    0.20245930360750097,
                    0.07056253565180061,
                    0.30360856620029186
                ],
                [
                    0.20189622990411082,
                    0.9792905495121129,
                    -0.015097416559477569,
                    -0.01660708224789971
                ],
                [
                    -0.07215783675632405,
                    -0.0005000190293462173,
                    -0.9973931003248501,
                    0.47050194680425794
                ],
                [
                    0.0,
                    0.0,
                    0.0,
                    1.0
                ]
            ],
            "position": [
                0.30360856620029186,
                -0.01660708224789971,
                0.47050194680425794
            ],
            "quaternion": [
                0.10168255347056737,
                0.9941615872810884,
                -0.003922258870778531,
                0.035889633493321985
            ]
        },
        {
            "camera": "camera_touchraw",
            "file_path": "./train/t_16.png",
            "rotation": 0.1,
            "transform_matrix": [
                [
                    -0.9710895964256934,
                    0.22756937483746462,
                    0.07209143742408439,
                    0.3046449950571363
                ],
                [
                    0.2270131333549221,
                    0.9737614548661361,
                    -0.015926904952511405,
                    -0.024540542397663307
                ],
                [
                    -0.07382433879260616,
                    0.0008992513950570177,
                    -0.9972708550583257,
                    0.4706336530876852
                ],
                [
                    0.0,
                    0.0,
                    0.0,
                    1.0
                ]
            ],
            "position": [
                0.3046449950571363,
                -0.024540542397663307,
                0.4706336530876852
            ],
            "quaternion": [
                0.11447686071416809,
                0.9927389027483823,
                -0.0037843924307562928,
                0.03674576053614542
            ]
        },
        {
            "camera": "camera_touchraw",
            "file_path": "./train/t_17.png",
            "rotation": 0.1,
            "transform_matrix": [
                [
                    -0.9711479293020847,
                    0.2275449661794864,
                    0.07137918309038231,
                    0.3048427494894175
                ],
                [
                    0.22695789025627164,
                    0.9737675170915012,
                    -0.016338259022151268,
                    -0.024456626324526914
                ],
                [
                    -0.07322441848656837,
                    0.0003332023846460055,
                    -0.9973154333075748,
                    0.470386020696753
                ],
                [
                    0.0,
                    0.0,
                    0.0,
                    1.0
                ]
            ],
            "position": [
                0.3048427494894175,
                -0.024456626324526914,
                0.470386020696753
            ],
            "quaternion": [
                0.1144552201761918,
                0.9927526239548617,
                -0.004030474738362861,
                0.036414814169819336
            ]
        },
        {
            "camera": "camera_touchraw",
            "file_path": "./train/t_18.png",
            "rotation": 0.1,
            "transform_matrix": [
                [
                    -0.9705466755339743,
                    0.22682628640967312,
                    0.08117257174407251,
                    0.2967165710201008
                ],
                [
                    0.22724844793898508,
                    0.97382809210215,
                    -0.004121885734570511,
                    -0.02633625649154979
                ],
                [
                    -0.07998308270673267,
                    0.014445858447438072,
                    -0.9966915388696965,
                    0.4727625406816133
                ],
                [
                    0.0,
                    0.0,
                    0.0,
                    1.0
                ]
            ],
            "position": [
                0.2967165710201008,
                -0.02633625649154979,
                0.4727625406816133
            ],
            "quaternion": [
                0.11436430170455017,
                0.9926059787523627,
                0.0026002193929982927,
                0.04058903192101946
            ]
        },
        {
            "camera": "camera_touchraw",
            "file_path": "./train/t_19.png",
            "rotation": 0.1,
            "transform_matrix": [
                [
                    -0.9689714457094573,
                    0.2261960371628905,
                    0.09964783074171067,
                    0.30108220169942523
                ],
                [
                    0.22685689462495562,
                    0.9739162821794524,
                    -0.00479840253367553,
                    -0.026316120583947732
                ],
                [
                    -0.09813402448104398,
                    0.01795628239802617,
                    -0.995011198510648,
                    0.4709838085650018
                ],
                [
                    0.0,
                    0.0,
                    0.0,
                    1.0
                ]
            ],
            "position": [
                0.30108220169942523,
                -0.026316120583947732,
                0.4709838085650018
            ],
            "quaternion": [
                0.11415282891299469,
                0.9922070267772921,
                0.0033153062338338686,
                0.049833820062134014
            ]
        },
        {
            "camera": "camera_touchraw",
            "file_path": "./train/t_20.png",
            "rotation": 0.1,
            "transform_matrix": [
                [
                    -0.9498568078287618,
                    0.20532046910153456,
                    0.23582949261973227,
                    0.28932296401341784
                ],
                [
                    0.29944786985799243,
                    0.8144295495541986,
                    0.49702664118783013,
                    -0.05372054449302911
                ],
                [
                    -0.09001676432123837,
                    0.5427227780191937,
                    -0.8350742292516657,
                    0.466460333596346
                ],
                [
                    0.0,
                    0.0,
                    0.0,
                    1.0
                ]
            ],
            "position": [
                0.28932296401341784,
                -0.05372054449302911,
                0.466460333596346
            ],
            "quaternion": [
                0.13302995493074457,
                0.948599069439447,
                0.27402237363280574,
                0.0858756572659855
            ]
        },
        {
            "camera": "camera_touchraw",
            "file_path": "./train/t_21.png",
            "rotation": 0.1,
            "transform_matrix": [
                [
                    -0.9497767687068173,
                    0.2121122564146376,
                    0.2300705985203838,
                    0.2995088070079071
                ],
                [
                    0.3005583054952792,
                    0.8230105840978681,
                    0.48199406994349275,
                    -0.0534219636977407
                ],
                [
                    -0.08711368791781826,
                    0.5269363995223495,
                    -0.845428433538747,
                    0.46549122709141705
                ],
                [
                    0.0,
                    0.0,
                    0.0,
                    1.0
                ]
            ],
            "position": [
                0.2995088070079071,
                -0.0534219636977407,
                0.46549122709141705
            ],
            "quaternion": [
                0.13476005027406493,
                0.9510804354624378,
                0.26520641302619496,
                0.08337473138172148
            ]
        },
        {
            "camera": "camera_touchraw",
            "file_path": "./train/t_22.png",
            "rotation": 0.1,
            "transform_matrix": [
                [
                    -0.9523128646220709,
                    0.2053126815863197,
                    0.2257142234223179,
                    0.3089064857086645
                ],
                [
                    0.29207335173460586,
                    0.8274181222010221,
                    0.4796586372201044,
                    -0.04982708470660038
                ],
                [
                    -0.08828003784445689,
                    0.5227102006209263,
                    -0.8479272852580063,
                    0.46942986169013284
                ],
                [
                    0.0,
                    0.0,
                    0.0,
                    1.0
                ]
            ],
            "position": [
                0.3089064857086645,
                -0.04982708470660038,
                0.46942986169013284
            ],
            "quaternion": [
                0.13057210849163745,
                0.9523206478279522,
                0.2631384958064709,
                0.08242871733678815
            ]
        },
        {
            "camera": "camera_touchraw",
            "file_path": "./train/t_23.png",
            "rotation": 0.1,
            "transform_matrix": [
                [
                    -0.9523558019756423,
                    0.20558694250812598,
                    0.22528301203928267,
                    0.3087845788574214
                ],
                [
                    0.2921050221245335,
                    0.8272707637599658,
                    0.47989346680031875,
                    -0.049763461399185985
                ],
                [
                    -0.08771021886278055,
                    0.522835626653505,
                    -0.8479090900614756,
                    0.4692520269733618
                ],
                [
                    0.0,
                    0.0,
                    0.0,
                    1.0
                ]
            ],
            "position": [
                0.3087845788574214,
                -0.049763461399185985,
                0.4692520269733618
            ],
            "quaternion": [
                0.13065462865829733,
                0.9523045532847232,
                0.26323751770189474,
                0.08216731886811386
            ]
        },
        {
            "camera": "camera_touchraw",
            "file_path": "./train/t_24.png",
            "rotation": 0.1,
            "transform_matrix": [
                [
                    -0.8293546333808629,
                    -0.09182826136417599,
                    0.5511247249983681,
                    0.26535329582990763
                ],
                [
                    0.14490897376876652,
                    0.9172956474595011,
                    0.37090441420012465,
                    -0.043217875149303836
                ],
                [
                    -0.5396038189366131,
                    0.3874742127763954,
                    -0.747456656283383,
                    0.4637335236643909
                ],
                [
                    0.0,
                    0.0,
                    0.0,
                    1.0
                ]
            ],
            "position": [
                0.26535329582990763,
                -0.043217875149303836,
                0.4637335236643909
            ],
            "quaternion": [
                0.014198375663506535,
                0.9346265461474241,
                0.20285606867732445,
                0.2917551952893354
            ]
        },
        {
            "camera": "camera_touchraw",
            "file_path": "./train/t_25.png",
            "rotation": 0.1,
            "transform_matrix": [
                [
                    -0.8293519588248749,
                    -0.09184355198403339,
                    0.5511262018379266,
                    0.2653512553410125
                ],
                [
                    0.144898611394779,
                    0.9172940902338046,
                    0.3709123136780465,
                    -0.043213760339479206
                ],
                [
                    -0.5396107122817408,
                    0.38747427525074857,
                    -0.7474516474058368,
                    0.46373493222918805
                ],
                [
                    0.0,
                    0.0,
                    0.0,
                    1.0
                ]
            ],
            "position": [
                0.2653512553410125,
                -0.043213760339479206,
                0.46373493222918805
            ],
            "quaternion": [
                0.01419153259892261,
                0.9346253102706628,
                0.2028584666364331,
                0.2917578199986407
            ]
        },
        {
            "camera": "camera_touchraw",
            "file_path": "./train/t_26.png",
            "rotation": 0.1,
            "transform_matrix": [
                [
                    -0.8309650078949392,
                    -0.1108301845292853,
                    0.5451732072024167,
                    0.26408723028185827
                ],
                [
                    0.1250185261591718,
                    0.917689311938004,
                    0.37711628826098387,
                    -0.03590866002104524
                ],
                [
                    -0.5420954932215847,
                    0.3815271903180133,
                    -0.7487118800158645,
                    0.4639497020252251
                ],
                [
                    0.0,
                    0.0,
                    0.0,
                    1.0
                ]
            ],
            "position": [
                0.26408723028185827,
                -0.03590866002104524,
                0.4639497020252251
            ],
            "quaternion": [
                0.0037934214761975215,
                0.9350623489843263,
                0.20283233513047166,
                0.2906941872542696
            ]
        },
        {
            "camera": "camera_touchraw",
            "file_path": "./train/t_27.png",
            "rotation": 0.1,
            "transform_matrix": [
                [
                    -0.8390384682090691,
                    -0.1469180124902857,
                    0.523860235627102,
                    0.26122986464707826
                ],
                [
                    0.08218174418541854,
                    0.9175801250677332,
                    0.3889638479387585,
                    -0.021829736976159902
                ],
                [
                    -0.5378295359944645,
                    0.3694073790364608,
                    -0.7578110440772101,
                    0.4645303189380226
                ],
                [
                    0.0,
                    0.0,
                    0.0,
                    1.0
                ]
            ],
            "position": [
                0.26122986464707826,
                -0.021829736976159902,
                0.4645303189380226
            ],
            "quaternion": [
                -0.01726594092325325,
                0.9373406297026629,
                0.20226672228285902,
                0.28316542419949764
            ]
        },
        {
            "camera": "camera_touchraw",
            "file_path": "./train/t_28.png",
            "rotation": 0.1,
            "transform_matrix": [
                [
                    -0.8424640053410171,
                    -0.14455774276327168,
                    0.5189965883432743,
                    0.26237896292124124
                ],
                [
                    0.08043671927155885,
                    0.9187831430443262,
                    0.38648087954052496,
                    -0.021245150809838895
                ],
                [
                    -0.532714120234858,
                    0.3673426126448946,
                    -0.7624139761557521,
                    0.4629273632136188
                ],
                [
                    0.0,
                    0.0,
                    0.0,
                    1.0
                ]
            ],
            "position": [
                0.26237896292124124,
                -0.021245150809838895,
                0.4629273632136188
            ],
            "quaternion": [
                -0.01707943084896785,
                0.9385708966353918,
                0.20079024797182646,
                0.28013620716145815
            ]
        },
        {
            "camera": "camera_touchraw",
            "file_path": "./train/t_29.png",
            "rotation": 0.1,
            "transform_matrix": [
                [
                    -0.8528149504022451,
                    -0.16376783032720385,
                    0.4958696987317706,
                    0.25880232971204353
                ],
                [
                    0.059255578180663876,
                    0.9130742106403124,
                    0.4034653173669898,
                    -0.011121621240291637
                ],
                [
                    -0.5188404733874296,
                    0.37346430031997807,
                    -0.7689791801873557,
                    0.46269614580631396
                ],
                [
                    0.0,
                    0.0,
                    0.0,
                    1.0
                ]
            ],
            "position": [
                0.25880232971204353,
                -0.011121621240291637,
                0.46269614580631396
            ],
            "quaternion": [
                -0.027793971060402295,
                0.9400623023673795,
                0.20661653410437875,
                0.2698518554459318
            ]
        },
        {
            "camera": "camera_touchraw",
            "file_path": "./train/t_30.png",
            "rotation": 0.1,
            "transform_matrix": [
                [
                    -0.847921590090897,
                    -0.1609668471618268,
                    0.5050927154221355,
                    0.2605491628190868
                ],
                [
                    -0.09414233341926664,
                    0.9833641742733878,
                    0.15534516990879943,
                    -0.00587206666243488
                ],
                [
                    -0.5216955032546292,
                    0.08416991665909629,
                    -0.8489695088832698,
                    0.4680513271194878
                ],
                [
                    0.0,
                    0.0,
                    0.0,
                    1.0
                ]
            ],
            "position": [
                0.2605491628190868,
                -0.00587206666243488,
                0.4680513271194878
            ],
            "quaternion": [
                -0.06649012231147743,
                0.9591995972011084,
                0.06242577144839821,
                0.2676159050501133
            ]
        },
        {
            "camera": "camera_touchraw",
            "file_path": "./train/t_31.png",
            "rotation": 0.1,
            "transform_matrix": [
                [
                    -0.8510077808673109,
                    -0.16602661348157116,
                    0.4982177440829817,
                    0.2605644425513814
                ],
                [
                    -0.08837054147073792,
                    0.9804547132162683,
                    0.17578169054874138,
                    0.001540190015028501
                ],
                [
                    -0.517664374188009,
