{
    "w": 1800,
    "h": 1800,
    "fl_x": 1800,
    "fl_y": 1800,
    "cx": 900,
    "cy": 900,
    "camera_angle_x": 0.9272952079772949,
    "frames": [
        {
            "file_path": "imgs/0001.png",
            "transform_matrix": [
                [
                    -0.7176491351682971,
                    0.16833318246321233,
                    -0.6757541405526142,
                    2.117615776060166
                ],
                [
                    -0.18110063576401886,
                    0.8918512792248717,
                    0.41449228638278457,
                    -0.7899546814217979
                ],
                [
                    0.67244500036662,
                    0.419839535330782,
                    -0.6095510528702003,
                    3.205078234922414
                ],
                [
                    0.0,
                    0.0,
                    0.0,
                    1.0
                ]
            ],
            "depth_filename": "depth/0001.png",
            "depth_file_path": "fused_output_dir/0001.png",
            "uncertainty_file_path": "fused_output_dir_uncertainty/0001.png"
        },
        {
            "file_path": "imgs/0004.png",
            "transform_matrix": [
                [
                    -0.593707008313147,
                    0.18875410990451613,
                    -0.782230064798079,
                    2.688350897284282
                ],
                [
                    -0.20912930236796096,
                    0.902502028960702,
                    0.376503682070848,
                    -0.6742450398771618
                ],
                [
                    0.7770308379793834,
                    0.38712010244363454,
                    -0.4963477642873866,
                    2.776445075918575
                ],
                [
                    0.0,
                    0.0,
                    0.0,
                    1.0
                ]
            ],
            "depth_filename": "depth/0004.png",
            "depth_file_path": "fused_output_dir/0004.png",
            "uncertainty_file_path": "fused_output_dir_uncertainty/0004.png"
        },
        {
            "file_path": "imgs/0007.png",
            "transform_matrix": [
                [
                    -0.45787977054305035,
                    0.20282259734338032,
                    -0.8655686626341834,
                    3.1735885018853045
                ],
                [
                    -0.23098909148679475,
                    0.9130467320224303,
                    0.3361394126806105,
                    -0.5345684769200514
                ],
                [
                    0.8584813075085262,
                    0.3538483561499836,
                    -0.37121582066017295,
                    2.2592861752437585
                ],
                [
                    0.0,
                    0.0,
                    0.0,
                    1.0
                ]
            ],
            "depth_filename": "depth/0007.png",
            "depth_file_path": "fused_output_dir/0007.png",
            "uncertainty_file_path": "fused_output_dir_uncertainty/0007.png"
        },
        {
            "file_path": "imgs/0010.png",
            "transform_matrix": [
                [
                    -0.31337044097142513,
                    0.21209157416642618,
                    -0.9256436306122254,
                    3.5449223689244245
                ],
                [
                    -0.2466183898964671,
                    0.9231206435997616,
                    0.2950044866181463,
                    -0.3735561489217838
                ],
                [
                    0.9170487099877785,
                    0.32072642785958455,
                    -0.2369730406231519,
                    1.6609950332789034
                ],
                [
                    0.0,
                    0.0,
                    0.0,
                    1.0
                ]
            ],
            "depth_filename": "depth/0010.png",
            "depth_file_path": "fused_output_dir/0010.png",
            "uncertainty_file_path": "fused_output_dir_uncertainty/0010.png"
        },
        {
            "file_path": "imgs/0013.png",
            "transform_matrix": [
                [
                    -0.16356942370381738,
                    0.21664840824940376,
                    -0.9624492250670685,
                    3.796591971785559
                ],
                [
                    -0.25619520484774894,
                    0.9327890440310811,
                    0.253512556589613,
                    -0.19783236082492872
                ],
                [
                    0.9526851844351422,
                    0.2880417791546592,
                    -0.09707148303800411,
                    1.0063943002501077
                ],
                [
                    0.0,
                    0.0,
                    0.0,
                    1.0
                ]
            ],
            "depth_filename": "depth/0013.png",
            "depth_file_path": "fused_output_dir/0013.png",
            "uncertainty_file_path": "fused_output_dir_uncertainty/0013.png"
        },
        {
            "file_path": "imgs/0016.png",
            "transform_matrix": [
                [
                    -0.011760200313106761,
                    0.21719127317966175,
                    -0.9760582198533002,
                    3.9165414557628284
                ],
                [
                    -0.2594921050766559,
                    0.9420211625131207,
                    0.21274392301618078,
                    -0.013444279657017777
                ],
                [
                    0.9656736224478132,
                    0.2557813132971727,
                    0.045281063111329456,
                    0.3185218786263719
                ],
                [
                    0.0,
                    0.0,
                    0.0,
                    1.0
                ]
            ],
            "depth_filename": "depth/0016.png",
            "depth_file_path": "fused_output_dir/0016.png",
            "uncertainty_file_path": "fused_output_dir_uncertainty/0016.png"
        },
        {
            "file_path": "imgs/0019.png",
            "transform_matrix": [
                [
                    0.13914859003438346,
                    0.2138380877546174,
                    -0.966907928459009,
                    3.899887442633145
                ],
                [
                    -0.25681256591471485,
                    0.9507937725934463,
                    0.17331620808748052,
                    0.1737289288558046
                ],
                [
                    0.9563916435643631,
                    0.22419740012536085,
                    0.18721792087640948,
                    -0.3787115559482094
                ],
                [
                    0.0,
                    0.0,
                    0.0,
                    1.0
                ]
            ],
            "depth_filename": "depth/0019.png",
            "depth_file_path": "fused_output_dir/0019.png",
            "uncertainty_file_path": "fused_output_dir_uncertainty/0019.png"
        },
        {
            "file_path": "imgs/0022.png",
            "transform_matrix": [
                [
                    0.28650696132396286,
                    0.2065672397567168,
                    -0.9355446202999623,
                    3.7521182366565515
                ],
                [
                    -0.24841494951958001,
                    0.9591024533548453,
                    0.13569265574783856,
                    0.35716551449703926
                ],
                [
                    0.9253127979057104,
                    0.19352637915283794,
                    0.3261039199456183,
                    -1.0615038887983865
                ],
                [
                    0.0,
                    0.0,
                    0.0,
                    1.0
                ]
            ],
            "depth_filename": "depth/0022.png",
            "depth_file_path": "fused_output_dir/0022.png",
            "uncertainty_file_path": "fused_output_dir_uncertainty/0022.png"
        },
        {
            "file_path": "imgs/0025.png",
            "transform_matrix": [
                [
                    0.4276381477950142,
                    0.1960182767828677,
                    -0.8824411876819468,
                    3.4668139569202534
                ],
                [
                    -0.234293808515177,
                    0.966880568201273,
                    0.10123427347611683,
                    0.5288190091559442
                ],
                [
                    0.8730590047882808,
                    0.16345886944995888,
                    0.4594008839306234,
                    -1.7029040193807685
                ],
                [
                    0.0,
                    0.0,
                    0.0,
                    1.0
                ]
            ],
            "depth_filename": "depth/0025.png",
            "depth_file_path": "fused_output_dir/0025.png",
            "uncertainty_file_path": "fused_output_dir_uncertainty/0025.png"
        },
        {
            "file_path": "imgs/0028.png",
            "transform_matrix": [
                [
                    0.5599015585434857,
                    0.18124928161647055,
                    -0.8084917703069643,
                    3.071704179148622
                ],
                [
                    -0.21464869689589425,
                    0.974197713954817,
                    0.06974776731984414,
                    0.6851572709758559
                ],
                [
                    0.8002725671054021,
                    0.13448982132013537,
                    0.5843597404850953,
                    -2.287996846183296
                ],
                [
                    0.0,
                    0.0,
                    0.0,
                    1.0
                ]
            ],
            "depth_filename": "depth/0028.png",
            "depth_file_path": "fused_output_dir/0028.png",
            "uncertainty_file_path": "fused_output_dir_uncertainty/0028.png"
        },
        {
            "file_path": "imgs/0031.png",
            "transform_matrix": [
                [
                    0.6801557610393725,
                    0.16297441562675744,
                    -0.7147219603286786,
                    2.5622870708285403
                ],
                [
                    -0.18985071982697163,
                    0.9808711484525482,
                    0.042994119534654644,
                    0.8178008224404921
                ],
                [
                    0.7080570915583947,
                    0.10644778055223311,
                    0.6980859725774261,
                    -2.7837526732990665
                ],
                [
                    0.0,
                    0.0,
                    0.0,
                    1.0
                ]
            ],
            "depth_filename": "depth/0031.png",
            "depth_file_path": "fused_output_dir/0031.png",
            "uncertainty_file_path": "fused_output_dir_uncertainty/0031.png"
        },
        {
            "file_path": "imgs/0034.png",
            "transform_matrix": [
                [
                    0.7859514376347927,
                    0.1403253510120396,
                    -0.6021537457685956,
                    1.9687434609556305
                ],
                [
                    -0.16014741925186124,
                    0.9868707704048063,
                    0.02094962118017284,
                    0.9248527927346706
                ],
                [
                    0.5971876939344708,
                    0.0799679834932208,
                    0.7981052435796027,
                    -3.1832434467428667
                ],
                [
                    0.0,
                    0.0,
                    0.0,
                    1.0
                ]
            ],
            "depth_filename": "depth/0034.png",
            "depth_file_path": "fused_output_dir/0034.png",
            "uncertainty_file_path": "fused_output_dir_uncertainty/0034.png"
        },
        {
            "file_path": "imgs/0037.png",
            "transform_matrix": [
                [
                    0.8740100747671633,
                    0.11310538855416641,
                    -0.47256064191329883,
                    1.3078229259900254
                ],
                [
                    -0.1257431207563197,
                    0.9920508377298113,
                    0.004878825887603584,
                    1.0004182927742913
                ],
                [
                    0.4693560021859309,
                    0.05515710688198749,
                    0.8812846513882162,
                    -3.4650197491438224
                ],
                [
                    0.0,
                    0.0,
                    0.0,
                    1.0
                ]
            ],
            "depth_filename": "depth/0037.png",
            "depth_file_path": "fused_output_dir/0037.png",
            "uncertainty_file_path": "fused_output_dir_uncertainty/0037.png"
        },
        {
            "file_path": "imgs/0040.png",
            "transform_matrix": [
                [
                    0.9414019589980666,
                    0.08088802776197848,
                    -0.32744385558348826,
                    0.6035606452713336
                ],
                [
                    -0.08718989371048466,
                    0.9961811544240097,
                    -0.004585848362305049,
                    1.0427850730419665
                ],
                [
                    0.3258224578345656,
                    0.03286692159641767,
                    0.9448595088347357,
                    -3.623776797392195
                ],
                [
                    0.0,
                    0.0,
                    0.0,
                    1.0
                ]
            ],
            "depth_filename": "depth/0040.png",
            "depth_file_path": "fused_output_dir/0040.png",
            "uncertainty_file_path": "fused_output_dir_uncertainty/0040.png"
        },
        {
            "file_path": "imgs/0043.png",
            "transform_matrix": [
                [
                    0.9846083287567059,
                    0.04326243742616717,
                    -0.1693363530104321,
                    -0.1183881077576322
                ],
                [
                    -0.04502014211329744,
                    0.9989645902264127,
                    -0.006552425342879127,
                    1.0501553343793164
                ],
                [
                    0.16887754660411552,
                    0.014075119243632457,
                    0.9855365367510494,
                    -3.6543432375642166
                ],
                [
                    0.0,
                    0.0,
                    0.0,
                    1.0
                ]
            ],
            "depth_filename": "depth/0043.png",
            "depth_file_path": "fused_output_dir/0043.png",
            "uncertainty_file_path": "fused_output_dir_uncertainty/0043.png"
        },
        {
            "file_path": "imgs/0046.png",
            "transform_matrix": [
                [
                    0.9999991918226141,
                    5.873855612833628e-05,
                    -0.0012700015356765394,
                    -0.8338099815413876
                ],
                [
                    -5.8558301948872424e-05,
                    0.9999999882078681,
                    0.00014196897188032995,
                    1.0214486446676527
                ],
                [
                    0.0012700098597529371,
                    -0.0001418944880108157,
                    0.9999991834701218,
                    -3.5499668550059464
                ],
                [
                    0.0,
                    0.0,
                    0.0,
                    1.0
                ]
            ],
            "depth_filename": "depth/0046.png",
            "depth_file_path": "fused_output_dir/0046.png",
            "uncertainty_file_path": "fused_output_dir_uncertainty/0046.png"
        },
        {
            "file_path": "imgs/0049.png",
            "transform_matrix": [
                [
                    0.983683546006794,
                    -0.04895433228612255,
                    0.17311890325992702,
                    -1.5180849137740182
                ],
                [
                    0.04694217752892591,
                    0.9987742097174236,
                    0.015700636043776847,
                    0.960541303094869
                ],
                [
                    -0.1736753099445712,
                    -0.007317879047664044,
                    0.9847757792319535,
                    -3.32330311857131
                ],
                [
                    0.0,
                    0.0,
                    0.0,
                    1.0
                ]
            ],
            "depth_filename": "depth/0049.png",
            "depth_file_path": "fused_output_dir/0049.png",
            "uncertainty_file_path": "fused_output_dir_uncertainty/0049.png"
        },
        {
            "file_path": "imgs/0052.png",
            "transform_matrix": [
                [
                    0.9319270833217411,
                    -0.10307951575887028,
                    0.3476873952307581,
                    -2.14066973059528
                ],
                [
                    0.09435823941965635,
                    0.9946531149137461,
                    0.041972653549722405,
                    0.8652953719847474
                ],
                [
                    -0.3501548714855405,
                    -0.006308282119486166,
                    0.9366705779256898,
                    -2.9669719391371507
                ],
                [
                    0.0,
                    0.0,
                    0.0,
                    1.0
                ]
            ],
            "depth_filename": "depth/0052.png",
            "depth_file_path": "fused_output_dir/0052.png",
            "uncertainty_file_path": "fused_output_dir_uncertainty/0052.png"
        },
        {
            "file_path": "imgs/0055.png",
            "transform_matrix": [
                [
                    0.8407860431491693,
                    -0.16061110789841498,
                    0.5169941021570819,
                    -2.689587192775951
                ],
                [
                    0.14072391277438245,
                    0.986990238969891,
                    0.07776277098731504,
                    0.7451638970709604
                ],
                [
                    -0.5227576972355659,
                    0.007371580414083707,
                    0.8524494411888411,
                    -2.5120187585064913
                ],
                [
                    0.0,
                    0.0,
                    0.0,
                    1.0
                ]
            ],
            "depth_filename": "depth/0055.png",
            "depth_file_path": "fused_output_dir/0055.png",
            "uncertainty_file_path": "fused_output_dir_uncertainty/0055.png"
        },
        {
            "file_path": "imgs/0058.png",
            "transform_matrix": [
                [
                    0.7086210696440247,
                    -0.218852208415924,
                    0.6707904967484491,
                    -3.1341710258660935
                ],
                [
                    0.18337100693326835,
                    0.9751363335267923,
                    0.12443554497089562,
                    0.5981223733939203
                ],
                [
                    -0.6813451793862179,
                    0.034825879851017184,
                    0.7311333015393054,
                    -1.9628262313524434
                ],
                [
                    0.0,
                    0.0,
                    0.0,
                    1.0
                ]
            ],
            "depth_filename": "depth/0058.png",
            "depth_file_path": "fused_output_dir/0058.png",
            "uncertainty_file_path": "fused_output_dir_uncertainty/0058.png"
        },
        {
            "file_path": "imgs/0061.png",
            "transform_matrix": [
                [
                    0.5349772109798698,
                    -0.2726136731039688,
                    0.7996756648597996,
                    -3.468418952779505
                ],
                [
                    0.21947364462839694,
                    0.9588596623278376,
                    0.1800540676410102,
                    0.43185732658381204
                ],
                [
                    -0.8158619387161827,
                    0.07918290975524825,
                    0.5727995842849087,
                    -1.3450715086106386
                ],
                [
                    0.0,
                    0.0,
                    0.0,
                    1.0
                ]
            ],
            "depth_filename": "depth/0061.png",
            "depth_file_path": "fused_output_dir/0061.png",
            "uncertainty_file_path": "fused_output_dir_uncertainty/0061.png"
        },
        {
            "file_path": "imgs/0064.png",
            "transform_matrix": [
                [
                    0.3245913540317147,
                    -0.3154787700250623,
                    0.8916914256351978,
                    -3.6764813864252117
                ],
                [
                    0.24572151932897182,
                    0.9384939049526878,
                    0.24259044767945104,
                    0.2515888443546721
                ],
                [
                    -0.9133791041109487,
                    0.14036500999226487,
                    0.3821469300456979,
                    -0.6778791805359092
                ],
                [
                    0.0,
                    0.0,
                    0.0,
                    1.0
                ]
            ],
            "depth_filename": "depth/0064.png",
            "depth_file_path": "fused_output_dir/0064.png",
            "uncertainty_file_path": "fused_output_dir_uncertainty/0064.png"
        },
        {
            "file_path": "imgs/0067.png",
            "transform_matrix": [
                [
                    0.08725641236294457,
                    -0.33996417864490774,
                    0.9363816934027712,
                    -3.7519346815823087
                ],
                [
                    0.25857713433294455,
                    0.915478822995266,
                    0.3082797272727568,
                    0.06423500321860987
                ],
                [
                    -0.9620416748258417,
                    0.2152275119158707,
                    0.16778836077867154,
                    0.016314162566097745
                ],
                [
                    0.0,
                    0.0,
                    0.0,
                    1.0
                ]
            ],
            "depth_filename": "depth/0067.png",
            "depth_file_path": "fused_output_dir/0067.png",
            "uncertainty_file_path": "fused_output_dir_uncertainty/0067.png"
        },
        {
            "file_path": "imgs/0070.png",
            "transform_matrix": [
                [
                    -0.16078126824208577,
                    -0.34013585978282107,
                    0.9265295357797656,
                    -3.6931755398635575
                ],
                [
                    0.2560427751445064,
                    0.8922309435389082,
                    0.37197586035651536,
                    -0.12274740908774984
                ],
                [
                    -0.9532006510062645,
                    0.29703794417796386,
                    -0.056364693202062166,
                    0.7118959976946918
                ],
                [
                    0.0,
                    0.0,
                    0.0,
                    1.0
                ]
            ],
            "depth_filename": "depth/0070.png",
            "depth_file_path": "fused_output_dir/0070.png",
            "uncertainty_file_path": "fused_output_dir_uncertainty/0070.png"
        },
        {
            "file_path": "imgs/0073.png",
            "transform_matrix": [
                [
                    -0.4002874741768563,
                    -0.3153064602525753,
                    0.8604369669767239,
                    -3.4945563392582257
                ],
                [
                    0.23760888654475837,
                    0.8711190625747136,
                    0.42975992816212216,
                    -0.3032903180724793
                ],
                [
                    -0.8850491257845933,
                    0.37647498581173144,
                    -0.2737784323243593,
                    1.3833030762835081
                ],
                [
                    0.0,
                    0.0,
                    0.0,
                    1.0
                ]
            ],
            "depth_filename": "depth/0073.png",
            "depth_file_path": "fused_output_dir/0073.png",
            "uncertainty_file_path": "fused_output_dir_uncertainty/0073.png"
        },
        {
            "file_path": "imgs/0076.png",
            "transform_matrix": [
                [
                    -0.6118491160235578,
                    -0.2672882507027204,
                    0.744444524633952,
                    -3.1793070120841636
                ],
                [
                    0.20502598091569343,
                    0.8554132625979142,
                    0.47563904099763493,
                    -0.47238076019651154
                ],
                [
                    -0.7639404468744594,
                    0.4436497956810888,
                    -0.46858281276779634,
                    2.0115281467715707
                ],
                [
                    0.0,
                    0.0,
                    0.0,
                    1.0
                ]
            ],
            "depth_filename": "depth/0076.png",
            "depth_file_path": "fused_output_dir/0076.png",
            "uncertainty_file_path": "fused_output_dir_uncertainty/0076.png"
        },
        {
            "file_path": "imgs/0079.png",
            "transform_matrix": [
                [
                    -0.7821989759972473,
                    -0.2054626819626917,
                    0.5881750149994095,
                    -2.7351671457407294
                ],
                [
                    0.16122875431396091,
                    0.8451450932797376,
                    0.5096420901844276,
                    -0.6203666728789357
                ],
                [
                    -0.6018056586068515,
                    0.4934722460543061,
                    -0.6279451342616585,
                    2.563203261689553
                ],
                [
                    0.0,
                    0.0,
                    0.0,
                    1.0
                ]
            ],
            "depth_filename": "depth/0079.png",
            "depth_file_path": "fused_output_dir/0079.png",
            "uncertainty_file_path": "fused_output_dir_uncertainty/0079.png"
        },
        {
            "file_path": "imgs/0082.png",
            "transform_matrix": [
                [
                    -0.9033651288749964,
                    -0.13649260343571476,
                    0.4065725189188294,
                    -2.199514999129331
                ],
                [
                    0.11077863953553113,
                    0.8415694104844422,
                    0.5286672113527804,
                    -0.746469970061348
                ],
                [
                    -0.4143181590943342,
                    0.5226190740340513,
                    -0.7451239940442616,
                    3.032377581527375
                ],
                [
                    0.0,
                    0.0,
                    0.0,
                    1.0
                ]
            ],
            "depth_filename": "depth/0082.png",
            "depth_file_path": "fused_output_dir/0082.png",
            "uncertainty_file_path": "fused_output_dir_uncertainty/0082.png"
        },
        {
            "file_path": "imgs/0085.png",
            "transform_matrix": [
                [
                    -0.9747737855734753,
                    -0.06832615330285587,
                    0.2124796548698051,
                    -1.5796568723801028
                ],
                [
                    0.057461182155499245,
                    0.8430771187889208,
                    0.5347141145695191,
                    -0.8416910110327902
                ],
                [
                    -0.2156716937941773,
                    0.5334346338113105,
                    -0.8178833730713346,
                    3.3910559422948596
                ],
                [
                    0.0,
                    0.0,
                    0.0,
                    1.0
                ]
            ],
            "depth_filename": "depth/0085.png",
            "depth_file_path": "fused_output_dir/0085.png",
            "uncertainty_file_path": "fused_output_dir_uncertainty/0085.png"
        },
        {
            "file_path": "imgs/0088.png",
            "transform_matrix": [
                [
                    -0.99983165936937,
                    -0.005706878988971459,
                    0.017438017516263594,
                    -0.9021684108262464
                ],
                [
                    0.004380274318456952,
                    0.8486775168057542,
                    0.5288925086114513,
                    -0.9060370204641269
                ],
                [
                    -0.01781757894853693,
                    0.5288798578133074,
                    -0.8485096522018994,
                    3.633711674111523
                ],
                [
                    0.0,
                    0.0,
                    0.0,
                    1.0
                ]
            ],
            "depth_filename": "depth/0088.png",
            "depth_file_path": "fused_output_dir/0088.png",
            "uncertainty_file_path": "fused_output_dir_uncertainty/0088.png"
        },
        {
            "file_path": "imgs/0091.png",
            "transform_matrix": [
                [
                    -0.9842525579708208,
                    0.048708429534953884,
                    -0.16992466277775775,
                    -0.18990961055471856
                ],
                [
                    -0.046237302135937214,
                    0.8568780430443987,
                    0.5134414584347391,
                    -0.9365970003197392
                ],
                [
                    0.17061363960447684,
                    0.5132129268058632,
                    -0.8411322593625057,
                    3.749561483613517
                ],
                [
                    0.0,
                    0.0,
                    0.0,
                    1.0
                ]
            ],
            "depth_filename": "depth/0091.png",
            "depth_file_path": "fused_output_dir/0091.png",
            "uncertainty_file_path": "fused_output_dir_uncertainty/0091.png"
        },
        {
            "file_path": "imgs/0094.png",
            "transform_matrix": [
                [
                    -0.9342801199569905,
                    0.09431469454582349,
                    -0.3438392005660199,
                    0.5330081347627327
                ],
                [
                    -0.09293731995671618,
                    0.8666175034975222,
                    0.4902415294433807,
                    -0.9324829005293246
                ],
                [
                    0.3442140497022378,
                    0.4899784087329258,
                    -0.8008981501808675,
                    3.7337333767911556
                ],
                [
                    0.0,
                    0.0,
                    0.0,
                    1.0
                ]
            ],
            "depth_filename": "depth/0094.png",
            "depth_file_path": "fused_output_dir/0094.png",
            "uncertainty_file_path": "fused_output_dir_uncertainty/0094.png"
        },
        {
            "file_path": "imgs/0097.png",
            "transform_matrix": [
                [
                    -0.8562439844323736,
                    0.13114569901247464,
                    -0.4996469200884789,
                    1.2405420232413324
                ],
                [
                    -0.13448553821617548,
                    0.8772891894327698,
                    0.46073562713892613,
                    -0.8941723312182737
                ],
                [
                    0.49875833740808684,
                    0.46169739411753596,
                    -0.7335363911429328,
                    3.5910745047735304
                ],
                [
                    0.0,
                    0.0,
                    0.0,
                    1.0
                ]
            ],
            "depth_filename": "depth/0097.png",
            "depth_file_path": "fused_output_dir/0097.png",
            "uncertainty_file_path": "fused_output_dir_uncertainty/0097.png"
        },
        {
            "file_path": "imgs/0100.png",
            "transform_matrix": [
                [
                    -0.7551682727589514,
                    0.1605944987266701,
                    -0.6355551013067173,
                    1.9044506881880767
                ],
                [
                    -0.1704846650924558,
                    0.888051018914208,
                    0.4269664703155864,
                    -0.8196090845791911
                ],
                [
                    0.63297382156498,
                    0.43078393050828495,
                    -0.6432490547441622,
                    3.3148044341975877
                ],
                [
                    0.0,
                    0.0,
                    0.0,
                    1.0
                ]
            ],
            "depth_filename": "depth/0100.png",
            "depth_file_path": "fused_output_dir/0100.png",
            "uncertainty_file_path": "fused_output_dir_uncertainty/0100.png"
        }
    ]
}