{
    "w": 1800,
    "h": 1800,
    "fl_x": 1800,
    "fl_y": 1800,
    "cx": 900,
    "cy": 900,
    "camera_angle_x": 0.9272952079772949,
    "frames": [
        {
            "file_path": "imgs/0001.png",
            "transform_matrix": [
                [
                    0.9771605730056763,
                    0.05152299627661705,
                    -0.20616157352924347,
                    2.6964707374572754
                ],
                [
                    -0.21250224113464355,
                    0.23692098259925842,
                    -0.948003888130188,
                    2.020021915435791
                ],
                [
                    0.0,
                    0.9701617956161499,
                    0.24245859682559967,
                    0.9612510204315186
                ],
                [
                    0.0,
                    0.0,
                    0.0,
                    1.0
                ]
            ],
            "depth_filename": "depth/0001.png",
            "depth_file_path": "fused_output_dir/0001.png",
            "uncertainty_file_path": "fused_output_dir_uncertainty/0001.png"
        },
        {
            "file_path": "imgs/0004.png",
            "transform_matrix": [
                [
                    0.9290846586227417,
                    0.08700493723154068,
                    -0.359488308429718,
                    2.5976035594940186
                ],
                [
                    -0.36986711621284485,
                    0.21855133771896362,
                    -0.9030136466026306,
                    2.0303990840911865
                ],
                [
                    0.0,
                    0.9719390869140625,
                    0.23523291945457458,
                    0.9612510204315186
                ],
                [
                    0.0,
                    0.0,
                    0.0,
                    1.0
                ]
            ],
            "depth_filename": "depth/0004.png",
            "depth_file_path": "fused_output_dir/0004.png",
            "uncertainty_file_path": "fused_output_dir_uncertainty/0004.png"
        },
        {
            "file_path": "imgs/0007.png",
            "transform_matrix": [
                [
                    0.8582855463027954,
                    0.1174071878194809,
                    -0.4995613992214203,
                    2.5020363330841064
                ],
                [
                    -0.5131725668907166,
                    0.19636453688144684,
                    -0.8355207443237305,
                    2.0576484203338623
                ],
                [
                    0.0,
                    0.9734764695167542,
                    0.22878697514533997,
                    0.9612510204315186
                ],
                [
                    0.0,
                    0.0,
                    0.0,
                    1.0
                ]
            ],
            "depth_filename": "depth/0007.png",
            "depth_file_path": "fused_output_dir/0007.png",
            "uncertainty_file_path": "fused_output_dir_uncertainty/0007.png"
        },
        {
            "file_path": "imgs/0010.png",
            "transform_matrix": [
                [
                    0.7676089406013489,
                    0.14352338016033173,
                    -0.6246419548988342,
                    2.4136760234832764
                ],
                [
                    -0.640918493270874,
                    0.1718936562538147,
                    -0.7481150031089783,
                    2.103029251098633
                ],
                [
                    -7.450580596923828e-09,
                    0.9746043682098389,
                    0.2239338755607605,
                    0.9612510204315186
                ],
                [
                    0.0,
                    0.0,
                    0.0,
                    1.0
                ]
            ],
            "depth_filename": "depth/0010.png",
            "depth_file_path": "fused_output_dir/0010.png",
            "uncertainty_file_path": "fused_output_dir_uncertainty/0010.png"
        },
        {
            "file_path": "imgs/0013.png",
            "transform_matrix": [
                [
                    0.6599374413490295,
                    0.1654539704322815,
                    -0.7328762412071228,
                    2.3351335525512695
                ],
                [
                    -0.7513205409049988,
                    0.1453297883272171,
                    -0.6437364816665649,
                    2.163931131362915
                ],
                [
                    -7.450580596923828e-09,
                    0.9754508137702942,
                    0.2202175259590149,
                    0.9612510204315186
                ],
                [
                    0.0,
                    0.0,
                    0.0,
                    1.0
                ]
            ],
            "depth_filename": "depth/0013.png",
            "depth_file_path": "fused_output_dir/0013.png",
            "uncertainty_file_path": "fused_output_dir_uncertainty/0013.png"
        },
        {
            "file_path": "imgs/0016.png",
            "transform_matrix": [
                [
                    0.5381348729133606,
                    0.18349112570285797,
                    -0.8226432204246521,
                    2.269388198852539
                ],
                [
                    -0.8428587913513184,
                    0.11715245991945267,
                    -0.5252280235290527,
                    2.238391637802124
                ],
                [
                    -7.450580596923828e-09,
                    0.976015567779541,
                    0.21770089864730835,
                    0.9612510204315186
                ],
                [
                    0.0,
                    0.0,
                    0.0,
                    1.0
                ]
            ],
            "depth_filename": "depth/0016.png",
            "depth_file_path": "fused_output_dir/0016.png",
            "uncertainty_file_path": "fused_output_dir_uncertainty/0016.png"
        },
        {
            "file_path": "imgs/0019.png",
            "transform_matrix": [
                [
                    0.4047178626060486,
                    0.19790464639663696,
                    -0.8927693963050842,
                    2.21887469291687
                ],
                [
                    -0.9144416451454163,
                    0.0875895693898201,
                    -0.3951260447502136,
                    2.323981761932373
                ],
                [
                    7.450580596923828e-09,
                    0.9763001203536987,
                    0.21642129123210907,
                    0.9612510204315186
                ],
                [
                    0.0,
                    0.0,
                    0.0,
                    1.0
                ]
            ],
            "depth_filename": "depth/0019.png",
            "depth_file_path": "fused_output_dir/0019.png",
            "uncertainty_file_path": "fused_output_dir_uncertainty/0019.png"
        },
        {
            "file_path": "imgs/0022.png",
            "transform_matrix": [
                [
                    0.26252150535583496,
                    0.2085682898759842,
                    -0.9421156644821167,
                    2.184823989868164
                ],
                [
                    -0.9649261236190796,
                    0.056743886321783066,
                    -0.25631558895111084,
                    2.4173033237457275
                ],
                [
                    0.0,
                    0.9763603210449219,
                    0.21614950895309448,
                    0.9612510204315186
                ],
                [
                    0.0,
                    0.0,
                    0.0,
                    1.0
                ]
            ],
            "depth_filename": "depth/0022.png",
            "depth_file_path": "fused_output_dir/0022.png",
            "uncertainty_file_path": "fused_output_dir_uncertainty/0022.png"
        },
        {
            "file_path": "imgs/0025.png",
            "transform_matrix": [
                [
                    0.11404635012149811,
                    0.21600091457366943,
                    -0.9697098135948181,
                    2.170027732849121
                ],
                [
                    -0.9934754371643066,
                    0.02479589730501175,
                    -0.11131816357374191,
                    2.5155727863311768
                ],
                [
                    0.0,
                    0.9760782122612,
                    0.21741950511932373,
                    0.9612510204315186
                ],
                [
                    0.0,
                    0.0,
                    0.0,
                    1.0
                ]
            ],
            "depth_filename": "depth/0025.png",
            "depth_file_path": "fused_output_dir/0025.png",
            "uncertainty_file_path": "fused_output_dir_uncertainty/0025.png"
        },
        {
            "file_path": "imgs/0028.png",
            "transform_matrix": [
                [
                    -0.038073014467954636,
                    0.2191849946975708,
                    -0.9749401807785034,
                    2.1722571849823
                ],
                [
                    -0.9992750287055969,
                    -0.00835108757019043,
                    0.037145841866731644,
                    2.614938735961914
                ],
                [
                    0.0,
                    0.9756476283073425,
                    0.21934401988983154,
                    0.9612510204315186
                ],
                [
                    0.0,
                    0.0,
                    0.0,
                    1.0
                ]
            ],
            "depth_filename": "depth/0028.png",
            "depth_file_path": "fused_output_dir/0028.png",
            "uncertainty_file_path": "fused_output_dir_uncertainty/0028.png"
        },
        {
            "file_path": "imgs/0031.png",
            "transform_matrix": [
                [
                    -0.1905944049358368,
                    0.21887169778347015,
                    -0.9569582343101501,
                    2.194528579711914
                ],
                [
                    -0.9816689491271973,
                    -0.04249469190835953,
                    0.18579673767089844,
                    2.711771011352539
                ],
                [
                    3.725290298461914e-09,
                    0.9748278856277466,
                    0.2229587882757187,
                    0.9612510204315186
                ],
                [
                    0.0,
                    0.0,
                    0.0,
                    1.0
                ]
            ],
            "depth_filename": "depth/0031.png",
            "depth_file_path": "fused_output_dir/0031.png",
            "uncertainty_file_path": "fused_output_dir_uncertainty/0031.png"
        },
        {
            "file_path": "imgs/0034.png",
            "transform_matrix": [
                [
                    -0.3410169780254364,
                    0.21389999985694885,
                    -0.9153984785079956,
                    2.233766555786133
                ],
                [
                    -0.9400572180747986,
                    -0.07759477198123932,
                    0.3320717215538025,
                    2.803076982498169
                ],
                [
                    0.0,
                    0.9737688899040222,
                    0.22753939032554626,
                    0.9612510204315186
                ],
                [
                    0.0,
                    0.0,
                    0.0,
                    1.0
                ]
            ],
            "depth_filename": "depth/0034.png",
            "depth_file_path": "fused_output_dir/0034.png",
            "uncertainty_file_path": "fused_output_dir_uncertainty/0034.png"
        },
        {
            "file_path": "imgs/0037.png",
            "transform_matrix": [
                [
                    -0.485690176486969,
                    0.204168900847435,
                    -0.8499530553817749,
                    2.2897732257843018
                ],
                [
                    -0.8741310834884644,
                    -0.113441601395607,
                    0.47225621342658997,
                    2.885113477706909
                ],
                [
                    0.0,
                    0.9723405241966248,
                    0.23356786370277405,
                    0.9612510204315186
                ],
                [
                    0.0,
                    0.0,
                    0.0,
                    1.0
                ]
            ],
            "depth_filename": "depth/0037.png",
            "depth_file_path": "fused_output_dir/0037.png",
            "uncertainty_file_path": "fused_output_dir_uncertainty/0037.png"
        },
        {
            "file_path": "imgs/0040.png",
            "transform_matrix": [
                [
                    -0.6213817596435547,
                    0.1887209564447403,
                    -0.7604401707649231,
                    2.3600521087646484
                ],
                [
                    -0.7835080623626709,
                    -0.14967012405395508,
                    0.6030871272087097,
                    2.955392360687256
                ],
                [
                    7.450580596923828e-09,
                    0.970558226108551,
                    0.24086667597293854,
                    0.9612510204315186
                ],
                [
                    0.0,
                    0.0,
                    0.0,
                    1.0
                ]
            ],
            "depth_filename": "depth/0040.png",
            "depth_file_path": "fused_output_dir/0040.png",
            "uncertainty_file_path": "fused_output_dir_uncertainty/0040.png"
        },
        {
            "file_path": "imgs/0043.png",
            "transform_matrix": [
                [
                    -0.7438690066337585,
                    0.16670897603034973,
                    -0.6471994519233704,
                    2.4420886039733887
                ],
                [
                    -0.6683254837989807,
                    -0.18555276095867157,
                    0.7203549742698669,
                    3.011399030685425
                ],
                [
                    0.0,
                    0.9683895707130432,
                    0.24944283068180084,
                    0.9612510204315186
                ],
                [
                    0.0,
                    0.0,
                    0.0,
                    1.0
                ]
            ],
            "depth_filename": "depth/0043.png",
            "depth_file_path": "fused_output_dir/0043.png",
            "uncertainty_file_path": "fused_output_dir_uncertainty/0043.png"
        },
        {
            "file_path": "imgs/0046.png",
            "transform_matrix": [
                [
                    -0.8485496044158936,
                    0.1373467743396759,
                    -0.5109790563583374,
                    2.5333945751190186
                ],
                [
                    -0.5291160345077515,
                    -0.22026462852954865,
                    0.8194631338119507,
                    3.0506367683410645
                ],
                [
                    7.450581485102248e-09,
                    0.9657221436500549,
                    0.25957784056663513,
                    0.9612510204315186
                ],
                [
                    0.0,
                    0.0,
                    0.0,
                    1.0
                ]
            ],
            "depth_filename": "depth/0046.png",
            "depth_file_path": "fused_output_dir/0046.png",
            "uncertainty_file_path": "fused_output_dir_uncertainty/0046.png"
        },
        {
            "file_path": "imgs/0049.png",
            "transform_matrix": [
                [
                    -0.9303379058837891,
                    0.09923459589481354,
                    -0.3530210554599762,
                    2.6302270889282227
                ],
                [
                    -0.36670342087745667,
                    -0.251761257648468,
                    0.8956254124641418,
                    3.0729081630706787
                ],
                [
                    0.0,
                    0.9626883268356323,
                    0.2706127166748047,
                    0.9612510204315186
                ],
                [
                    0.0,
                    0.0,
                    0.0,
                    1.0
                ]
            ],
            "depth_filename": "depth/0049.png",
            "depth_file_path": "fused_output_dir/0049.png",
            "uncertainty_file_path": "fused_output_dir_uncertainty/0049.png"
        },
        {
            "file_path": "imgs/0052.png",
            "transform_matrix": [
                [
                    -0.9828851819038391,
                    0.0522235631942749,
                    -0.17666208744049072,
                    2.72959303855896
                ],
                [
                    -0.18421943485736847,
                    -0.27863383293151855,
                    0.9425637125968933,
                    3.0751376152038574
                ],
                [
                    0.0,
                    0.9589764475822449,
                    0.28348565101623535,
                    0.9612510204315186
                ],
                [
                    0.0,
                    0.0,
                    0.0,
                    1.0
                ]
            ],
            "depth_filename": "depth/0052.png",
            "depth_file_path": "fused_output_dir/0052.png",
            "uncertainty_file_path": "fused_output_dir_uncertainty/0052.png"
        },
        {
            "file_path": "imgs/0055.png",
            "transform_matrix": [
                [
                    -0.9998766183853149,
                    -0.00465475395321846,
                    0.015006220899522305,
                    2.8278627395629883
                ],
                [
                    0.015711570158600807,
                    -0.29622626304626465,
                    0.9549885988235474,
                    3.0603413581848145
                ],
                [
                    -4.656612873077393e-10,
                    0.9551064968109131,
                    0.29626280069351196,
                    0.9612510204315186
                ],
                [
                    0.0,
                    0.0,
                    0.0,
                    1.0
                ]
            ],
            "depth_filename": "depth/0055.png",
            "depth_file_path": "fused_output_dir/0055.png",
            "uncertainty_file_path": "fused_output_dir_uncertainty/0055.png"
        },
        {
            "file_path": "imgs/0058.png",
            "transform_matrix": [
                [
                    -0.9743512868881226,
                    -0.0697234496474266,
                    0.2139584720134735,
                    2.9211840629577637
                ],
                [
                    0.22503241896629333,
                    -0.30189043283462524,
                    0.9264030456542969,
                    3.0262904167175293
                ],
                [
                    0.0,
                    0.9507895708084106,
                    0.30983737111091614,
                    0.9612510204315186
                ],
                [
                    0.0,
                    0.0,
                    0.0,
                    1.0
                ]
            ],
            "depth_filename": "depth/0058.png",
            "depth_file_path": "fused_output_dir/0058.png",
            "uncertainty_file_path": "fused_output_dir_uncertainty/0058.png"
        },
        {
            "file_path": "imgs/0061.png",
            "transform_matrix": [
                [
                    -0.9003890752792358,
                    -0.14027391374111176,
                    0.41185274720191956,
                    3.0067741870880127
                ],
                [
                    0.4350855350494385,
                    -0.2902902662754059,
                    0.8523098826408386,
                    2.9757769107818604
                ],
                [
                    0.0,
                    0.9466017484664917,
                    0.3224053680896759,
                    0.9612510204315186
                ],
                [
                    0.0,
                    0.0,
                    0.0,
                    1.0
                ]
            ],
            "depth_filename": "depth/0061.png",
            "depth_file_path": "fused_output_dir/0061.png",
            "uncertainty_file_path": "fused_output_dir_uncertainty/0061.png"
        },
        {
            "file_path": "imgs/0064.png",
            "transform_matrix": [
                [
                    -0.7750105261802673,
                    -0.210587739944458,
                    0.5958284735679626,
                    3.0812346935272217
                ],
                [
                    0.6319484114646912,
                    -0.258261114358902,
                    0.7307136058807373,
                    2.910031318664551
                ],
                [
                    0.0,
                    0.942843496799469,
                    0.3332356810569763,
                    0.9612510204315186
                ],
                [
                    0.0,
                    0.0,
                    0.0,
                    1.0
                ]
            ],
            "depth_filename": "depth/0064.png",
            "depth_file_path": "fused_output_dir/0064.png",
            "uncertainty_file_path": "fused_output_dir_uncertainty/0064.png"
        },
        {
            "file_path": "imgs/0067.png",
            "transform_matrix": [
                [
                    -0.6000030040740967,
                    -0.27277857065200806,
                    0.7520560622215271,
                    3.142136573791504
                ],
                [
                    0.799997866153717,
                    -0.2045855075120926,
                    0.5640463829040527,
                    2.831488609313965
                ],
                [
                    0.0,
                    0.9400726556777954,
                    0.34097418189048767,
                    0.9612510204315186
                ],
                [
                    0.0,
                    0.0,
                    0.0,
                    1.0
                ]
            ],
            "depth_filename": "depth/0067.png",
            "depth_file_path": "fused_output_dir/0067.png",
            "uncertainty_file_path": "fused_output_dir_uncertainty/0067.png"
        },
        {
            "file_path": "imgs/0070.png",
            "transform_matrix": [
                [
                    -0.3845151662826538,
                    -0.31787851452827454,
                    0.8666610717773438,
                    3.1875171661376953
                ],
                [
                    0.9231187701225281,
                    -0.13240885734558105,
                    0.3609983026981354,
                    2.7431282997131348
                ],
                [
                    0.0,
                    0.938840389251709,
                    0.3443528115749359,
                    0.9612510204315186
                ],
                [
                    0.0,
                    0.0,
                    0.0,
                    1.0
                ]
            ],
            "depth_filename": "depth/0070.png",
            "depth_file_path": "fused_output_dir/0070.png",
            "uncertainty_file_path": "fused_output_dir_uncertainty/0070.png"
        },
        {
            "file_path": "imgs/0073.png",
            "transform_matrix": [
                [
                    -0.14386312663555145,
                    -0.34014859795570374,
                    0.9293020963668823,
                    3.214766263961792
                ],
                [
                    0.9895976781845093,
                    -0.04944922775030136,
                    0.13509763777256012,
                    2.6475613117218018
                ],
                [
                    -3.725290298461914e-09,
                    0.9390707015991211,
                    0.3437241315841675,
                    0.9612510204315186
                ],
                [
                    0.0,
                    0.0,
                    0.0,
                    1.0
                ]
            ],
            "depth_filename": "depth/0073.png",
            "depth_file_path": "fused_output_dir/0073.png",
            "uncertainty_file_path": "fused_output_dir_uncertainty/0073.png"
        },
        {
            "file_path": "imgs/0076.png",
            "transform_matrix": [
                [
                    0.10213213413953781,
                    -0.33570775389671326,
                    0.9364129900932312,
                    3.2251434326171875
                ],
                [
                    0.994770884513855,
                    0.034466780722141266,
                    -0.09614058583974838,
                    2.548694372177124
                ],
                [
                    0.0,
                    0.9413353800773621,
                    0.33747243881225586,
                    0.9612510204315186
                ],
                [
                    0.0,
                    0.0,
                    0.0,
                    1.0
                ]
            ],
            "depth_filename": "depth/0076.png",
            "depth_file_path": "fused_output_dir/0076.png",
            "uncertainty_file_path": "fused_output_dir_uncertainty/0076.png"
        },
        {
            "file_path": "imgs/0079.png",
            "transform_matrix": [
                [
                    0.3354796767234802,
                    -0.3099678158760071,
                    0.889591634273529,
                    3.214766263961792
                ],
                [
                    0.9420475363731384,
                    0.1103849932551384,
                    -0.31679922342300415,
                    2.4498274326324463
                ],
                [
                    0.0,
                    0.9443172812461853,
                    0.32903629541397095,
                    0.9612510204315186
                ],
                [
                    0.0,
                    0.0,
                    0.0,
                    1.0
                ]
            ],
            "depth_filename": "depth/0079.png",
            "depth_file_path": "fused_output_dir/0079.png",
            "uncertainty_file_path": "fused_output_dir_uncertainty/0079.png"
        },
        {
            "file_path": "imgs/0082.png",
            "transform_matrix": [
                [
                    0.5407997369766235,
                    -0.2666299641132355,
                    0.7977744936943054,
                    3.187516927719116
                ],
                [
                    0.8411514163017273,
                    0.17142383754253387,
                    -0.5129114985466003,
                    2.354260206222534
                ],
                [
                    0.0,
                    0.9484314918518066,
                    0.31698212027549744,
                    0.9612510204315186
                ],
                [
                    0.0,
                    0.0,
                    0.0,
                    1.0
                ]
            ],
            "depth_filename": "depth/0082.png",
            "depth_file_path": "fused_output_dir/0082.png",
            "uncertainty_file_path": "fused_output_dir_uncertainty/0082.png"
        },
        {
            "file_path": "imgs/0085.png",
            "transform_matrix": [
                [
                    0.7100347876548767,
                    -0.214163675904274,
                    0.6708089113235474,
                    3.142136335372925
                ],
                [
                    0.7041666507720947,
                    0.21594840288162231,
                    -0.6763990521430969,
                    2.265900135040283
                ],
                [
                    -1.4901161193847656e-08,
                    0.9526280760765076,
                    0.30413779616355896,
                    0.9612510204315186
                ],
                [
                    0.0,
                    0.0,
                    0.0,
                    1.0
                ]
            ],
            "depth_filename": "depth/0085.png",
            "depth_file_path": "fused_output_dir/0085.png",
            "uncertainty_file_path": "fused_output_dir_uncertainty/0085.png"
        },
        {
            "file_path": "imgs/0088.png",
            "transform_matrix": [
                [
                    0.8395047187805176,
                    -0.15798431634902954,
                    0.5198777318000793,
                    3.0812342166900635
                ],
                [
                    0.543352484703064,
                    0.24409304559230804,
                    -0.8032351136207581,
                    2.1873574256896973
                ],
                [
                    1.4901162970204496e-08,
                    0.9567964673042297,
                    0.2907584011554718,
                    0.9612510204315186
                ],
                [
                    0.0,
                    0.0,
                    0.0,
                    1.0
                ]
            ],
            "depth_filename": "depth/0088.png",
            "depth_file_path": "fused_output_dir/0088.png",
            "uncertainty_file_path": "fused_output_dir_uncertainty/0088.png"
        },
        {
            "file_path": "imgs/0091.png",
            "transform_matrix": [
                [
                    0.9292635321617126,
                    -0.10262571275234222,
                    0.35487645864486694,
                    3.0067737102508545
                ],
                [
                    0.36941757798194885,
                    0.25815320014953613,
                    -0.89268559217453,
                    2.121612071990967
                ],
                [
                    0.0,
                    0.9606376886367798,
                    0.27780407667160034,
                    0.9612510204315186
                ],
                [
                    0.0,
                    0.0,
                    0.0,
                    1.0
                ]
            ],
            "depth_filename": "depth/0091.png",
            "depth_file_path": "fused_output_dir/0091.png",
            "uncertainty_file_path": "fused_output_dir_uncertainty/0091.png"
        },
        {
            "file_path": "imgs/0094.png",
            "transform_matrix": [
                [
                    0.9816992282867432,
                    -0.050628770142793655,
                    0.18358470499515533,
                    2.9211833477020264
                ],
                [
                    0.1904379278421402,
                    0.26098906993865967,
                    -0.9463710784912109,
                    2.0710983276367188
                ],
                [
                    3.7252898543727042e-09,
                    0.9640132188796997,
                    0.2658544182777405,
                    0.9612510204315186
                ],
                [
                    0.0,
                    0.0,
                    0.0,
                    1.0
                ]
            ],
            "depth_filename": "depth/0094.png",
            "depth_file_path": "fused_output_dir/0094.png",
            "uncertainty_file_path": "fused_output_dir_uncertainty/0094.png"
        },
        {
            "file_path": "imgs/0097.png",
            "transform_matrix": [
                [
                    0.9999109506607056,
                    -0.003403076436370611,
                    0.012909754179418087,
                    2.827862024307251
                ],
                [
                    0.013350756838917732,
                    0.25487494468688965,
                    -0.9668818712234497,
                    2.037047863006592
                ],
                [
                    0.0,
                    0.9669680595397949,
                    0.2548976540565491,
                    0.9612510204315186
                ],
                [
                    0.0,
                    0.0,
                    0.0,
                    1.0
                ]
            ],
            "depth_filename": "depth/0097.png",
            "depth_file_path": "fused_output_dir/0097.png",
            "uncertainty_file_path": "fused_output_dir_uncertainty/0097.png"
        },
        {
            "file_path": "imgs/0100.png",
            "transform_matrix": [
                [
                    0.9874393939971924,
                    0.03882978484034538,
                    -0.15315307676792145,
                    2.7295925617218018
                ],
                [
                    -0.15799878537654877,
                    0.2426731139421463,
                    -0.9571552872657776,
                    2.0222513675689697
                ],
                [
                    0.0,
                    0.9693307280540466,
                    0.2457600086927414,
                    0.9612510204315186
                ],
                [
                    0.0,
                    0.0,
                    0.0,
                    1.0
                ]
            ],
            "depth_filename": "depth/0100.png",
            "depth_file_path": "fused_output_dir/0100.png",
            "uncertainty_file_path": "fused_output_dir_uncertainty/0100.png"
        }
    ]
}