{
    "camera_angle_x": 0.9272952079772949,
    "frames": [
        {
            "file_path": "imgs/0067.png",
            "transform_matrix": [
                [
                    -0.6000030040740967,
                    -0.27277857065200806,
                    0.7520560622215271,
                    0.4607365737915039
                ],
                [
                    0.799997866153717,
                    -0.2045855075120926,
                    0.5640463829040527,
                    0.2864886093139649
                ],
                [
                    0.0,
                    0.9400726556777954,
                    0.34097418189048767,
                    0.0012510204315185902
                ],
                [
                    0.0,
                    0.0,
                    0.0,
                    1.0
                ]
            ],
            "depth_filename": "depth/0067.png"
        },
        {
            "file_path": "imgs/0001.png",
            "transform_matrix": [
                [
                    0.9771605730056763,
                    0.05152299627661705,
                    -0.20616157352924347,
                    0.015070737457275385
                ],
                [
                    -0.21250224113464355,
                    0.23692098259925842,
                    -0.948003888130188,
                    -0.5249780845642089
                ],
                [
                    0.0,
                    0.9701617956161499,
                    0.24245859682559967,
                    0.0012510204315185902
                ],
                [
                    0.0,
                    0.0,
                    0.0,
                    1.0
                ]
            ],
            "depth_filename": "depth/0001.png"
        },
        {
            "file_path": "imgs/0097.png",
            "transform_matrix": [
                [
                    0.9999109506607056,
                    -0.003403076436370611,
                    0.012909754179418087,
                    0.14646202430725097
                ],
                [
                    0.013350756838917732,
                    0.25487494468688965,
                    -0.9668818712234497,
                    -0.5079521369934081
                ],
                [
                    0.0,
                    0.9669680595397949,
                    0.2548976540565491,
                    0.0012510204315185902
                ],
                [
                    0.0,
                    0.0,
                    0.0,
                    1.0
                ]
            ],
            "depth_filename": "depth/0097.png"
        },
        {
            "file_path": "imgs/0040.png",
            "transform_matrix": [
                [
                    -0.6213817596435547,
                    0.1887209564447403,
                    -0.7604401707649231,
                    -0.32134789123535157
                ],
                [
                    -0.7835080623626709,
                    -0.14967012405395508,
                    0.6030871272087097,
                    0.41039236068725593
                ],
                [
                    7.450580596923828e-09,
                    0.970558226108551,
                    0.24086667597293854,
                    0.0012510204315185902
                ],
                [
                    0.0,
                    0.0,
                    0.0,
                    1.0
                ]
            ],
            "depth_filename": "depth/0040.png"
        },
        {
            "file_path": "imgs/0055.png",
            "transform_matrix": [
                [
                    -0.9998766183853149,
                    -0.00465475395321846,
                    0.015006220899522305,
                    0.14646273956298828
                ],
                [
                    0.015711570158600807,
                    -0.29622626304626465,
                    0.9549885988235474,
                    0.5153413581848145
                ],
                [
                    -4.656612873077393e-10,
                    0.9551064968109131,
                    0.29626280069351196,
                    0.0012510204315185902
                ],
                [
                    0.0,
                    0.0,
                    0.0,
                    1.0
                ]
            ],
            "depth_filename": "depth/0055.png"
        },
        {
            "file_path": "imgs/0007.png",
            "transform_matrix": [
                [
                    0.8582855463027954,
                    0.1174071878194809,
                    -0.4995613992214203,
                    -0.17936366691589356
                ],
                [
                    -0.5131725668907166,
                    0.19636453688144684,
                    -0.8355207443237305,
                    -0.4873515796661376
                ],
                [
                    0.0,
                    0.9734764695167542,
                    0.22878697514533997,
                    0.0012510204315185902
                ],
                [
                    0.0,
                    0.0,
                    0.0,
                    1.0
                ]
            ],
            "depth_filename": "depth/0007.png"
        },
        {
            "file_path": "imgs/0094.png",
            "transform_matrix": [
                [
                    0.9816992282867432,
                    -0.050628770142793655,
                    0.18358470499515533,
                    0.23978334770202636
                ],
                [
                    0.1904379278421402,
                    0.26098906993865967,
                    -0.9463710784912109,
                    -0.4739016723632812
                ],
                [
                    3.7252898543727042e-09,
                    0.9640132188796997,
                    0.2658544182777405,
                    0.0012510204315185902
                ],
                [
                    0.0,
                    0.0,
                    0.0,
                    1.0
                ]
            ],
            "depth_filename": "depth/0094.png"
        },
        {
            "file_path": "imgs/0082.png",
            "transform_matrix": [
                [
                    0.5407997369766235,
                    -0.2666299641132355,
                    0.7977744936943054,
                    0.5061169277191162
                ],
                [
                    0.8411514163017273,
                    0.17142383754253387,
                    -0.5129114985466003,
                    -0.19073979377746575
                ],
                [
                    0.0,
                    0.9484314918518066,
                    0.31698212027549744,
                    0.0012510204315185902
                ],
                [
                    0.0,
                    0.0,
                    0.0,
                    1.0
                ]
            ],
            "depth_filename": "depth/0082.png"
        },
        {
            "file_path": "imgs/0064.png",
            "transform_matrix": [
                [
                    -0.7750105261802673,
                    -0.210587739944458,
                    0.5958284735679626,
                    0.3998346935272217
                ],
                [
                    0.6319484114646912,
                    -0.258261114358902,
                    0.7307136058807373,
                    0.36503131866455085
                ],
                [
                    0.0,
                    0.942843496799469,
                    0.3332356810569763,
                    0.0012510204315185902
                ],
                [
                    0.0,
                    0.0,
                    0.0,
                    1.0
                ]
            ],
            "depth_filename": "depth/0064.png"
        },
        {
            "file_path": "imgs/0010.png",
            "transform_matrix": [
                [
                    0.7676089406013489,
                    0.14352338016033173,
                    -0.6246419548988342,
                    -0.26772397651672364
                ],
                [
                    -0.640918493270874,
                    0.1718936562538147,
                    -0.7481150031089783,
                    -0.4419707489013671
                ],
                [
                    -7.450580596923828e-09,
                    0.9746043682098389,
                    0.2239338755607605,
                    0.0012510204315185902
                ],
                [
                    0.0,
                    0.0,
                    0.0,
                    1.0
                ]
            ],
            "depth_filename": "depth/0010.png"
        },
        {
            "file_path": "imgs/0070.png",
            "transform_matrix": [
                [
                    -0.3845151662826538,
                    -0.31787851452827454,
                    0.8666610717773438,
                    0.5061171661376953
                ],
                [
                    0.9231187701225281,
                    -0.13240885734558105,
                    0.3609983026981354,
                    0.19812829971313484
                ],
                [
                    0.0,
                    0.938840389251709,
                    0.3443528115749359,
                    0.0012510204315185902
                ],
                [
                    0.0,
                    0.0,
                    0.0,
                    1.0
                ]
            ],
            "depth_filename": "depth/0070.png"
        },
        {
            "file_path": "imgs/0013.png",
            "transform_matrix": [
                [
                    0.6599374413490295,
                    0.1654539704322815,
                    -0.7328762412071228,
                    -0.3462664474487305
                ],
                [
                    -0.7513205409049988,
                    0.1453297883272171,
                    -0.6437364816665649,
                    -0.3810688686370849
                ],
                [
                    -7.450580596923828e-09,
                    0.9754508137702942,
                    0.2202175259590149,
                    0.0012510204315185902
                ],
                [
                    0.0,
                    0.0,
                    0.0,
                    1.0
                ]
            ],
            "depth_filename": "depth/0013.png"
        },
        {
            "file_path": "imgs/0091.png",
            "transform_matrix": [
                [
                    0.9292635321617126,
                    -0.10262571275234222,
                    0.35487645864486694,
                    0.3253737102508545
                ],
                [
                    0.36941757798194885,
                    0.25815320014953613,
                    -0.89268559217453,
                    -0.42338792800903313
                ],
                [
                    0.0,
                    0.9606376886367798,
                    0.27780407667160034,
                    0.0012510204315185902
                ],
                [
                    0.0,
                    0.0,
                    0.0,
                    1.0
                ]
            ],
            "depth_filename": "depth/0091.png"
        },
        {
            "file_path": "imgs/0100.png",
            "transform_matrix": [
                [
                    0.9874393939971924,
                    0.03882978484034538,
                    -0.15315307676792145,
                    0.04819256172180175
                ],
                [
                    -0.15799878537654877,
                    0.2426731139421463,
                    -0.9571552872657776,
                    -0.5227486324310302
                ],
                [
                    0.0,
                    0.9693307280540466,
                    0.2457600086927414,
                    0.0012510204315185902
                ],
                [
                    0.0,
                    0.0,
                    0.0,
                    1.0
                ]
            ],
            "depth_filename": "depth/0100.png"
        },
        {
            "file_path": "imgs/0052.png",
            "transform_matrix": [
                [
                    -0.9828851819038391,
                    0.0522235631942749,
                    -0.17666208744049072,
                    0.048193038558959955
                ],
                [
                    -0.18421943485736847,
                    -0.27863383293151855,
                    0.9425637125968933,
                    0.5301376152038575
                ],
                [
                    0.0,
                    0.9589764475822449,
                    0.28348565101623535,
                    0.0012510204315185902
                ],
                [
                    0.0,
                    0.0,
                    0.0,
                    1.0
                ]
            ],
            "depth_filename": "depth/0052.png"
        },
        {
            "file_path": "imgs/0004.png",
            "transform_matrix": [
                [
                    0.9290846586227417,
                    0.08700493723154068,
                    -0.359488308429718,
                    -0.08379644050598145
                ],
                [
                    -0.36986711621284485,
                    0.21855133771896362,
                    -0.9030136466026306,
                    -0.5146009159088134
                ],
                [
                    0.0,
                    0.9719390869140625,
                    0.23523291945457458,
                    0.0012510204315185902
                ],
                [
                    0.0,
                    0.0,
                    0.0,
                    1.0
                ]
            ],
            "depth_filename": "depth/0004.png"
        },
        {
            "file_path": "imgs/0022.png",
            "transform_matrix": [
                [
                    0.26252150535583496,
                    0.2085682898759842,
                    -0.9421156644821167,
                    -0.49657601013183594
                ],
                [
                    -0.9649261236190796,
                    0.056743886321783066,
                    -0.25631558895111084,
                    -0.1276966762542724
                ],
                [
                    0.0,
                    0.9763603210449219,
                    0.21614950895309448,
                    0.0012510204315185902
                ],
                [
                    0.0,
                    0.0,
                    0.0,
                    1.0
                ]
            ],
            "depth_filename": "depth/0022.png"
        }
    ]
}