{
    "camera_angle_x": 0.9272952079772949,
    "frames": [
        {
            "file_path": "imgs/0016.png",
            "transform_matrix": [
                [
                    0.5381348729133606,
                    0.18349112570285797,
                    -0.8226432204246521,
                    -0.41201180114746094
                ],
                [
                    -0.8428587913513184,
                    0.11715245991945267,
                    -0.5252280235290527,
                    -0.3066083621978759
                ],
                [
                    -7.450580596923828e-09,
                    0.976015567779541,
                    0.21770089864730835,
                    0.0012510204315185902
                ],
                [
                    0.0,
                    0.0,
                    0.0,
                    1.0
                ]
            ],
            "depth_filename": "depth/0016.png"
        },
        {
            "file_path": "imgs/0058.png",
            "transform_matrix": [
                [
                    -0.9743512868881226,
                    -0.0697234496474266,
                    0.2139584720134735,
                    0.23978406295776367
                ],
                [
                    0.22503241896629333,
                    -0.30189043283462524,
                    0.9264030456542969,
                    0.48129041671752937
                ],
                [
                    0.0,
                    0.9507895708084106,
                    0.30983737111091614,
                    0.0012510204315185902
                ],
                [
                    0.0,
                    0.0,
                    0.0,
                    1.0
                ]
            ],
            "depth_filename": "depth/0058.png"
        },
        {
            "file_path": "imgs/0061.png",
            "transform_matrix": [
                [
                    -0.9003890752792358,
                    -0.14027391374111176,
                    0.41185274720191956,
                    0.3253741870880127
                ],
                [
                    0.4350855350494385,
                    -0.2902902662754059,
                    0.8523098826408386,
                    0.4307769107818604
                ],
                [
                    0.0,
                    0.9466017484664917,
                    0.3224053680896759,
                    0.0012510204315185902
                ],
                [
                    0.0,
                    0.0,
                    0.0,
                    1.0
                ]
            ],
            "depth_filename": "depth/0061.png"
        },
        {
            "file_path": "imgs/0037.png",
            "transform_matrix": [
                [
                    -0.485690176486969,
                    0.204168900847435,
                    -0.8499530553817749,
                    -0.39162677421569825
                ],
                [
                    -0.8741310834884644,
                    -0.113441601395607,
                    0.47225621342658997,
                    0.34011347770690925
                ],
                [
                    0.0,
                    0.9723405241966248,
                    0.23356786370277405,
                    0.0012510204315185902
                ],
                [
                    0.0,
                    0.0,
                    0.0,
                    1.0
                ]
            ],
            "depth_filename": "depth/0037.png"
        },
        {
            "file_path": "imgs/0073.png",
            "transform_matrix": [
                [
                    -0.14386312663555145,
                    -0.34014859795570374,
                    0.9293020963668823,
                    0.533366263961792
                ],
                [
                    0.9895976781845093,
                    -0.04944922775030136,
                    0.13509763777256012,
                    0.10256131172180183
                ],
                [
                    -3.725290298461914e-09,
                    0.9390707015991211,
                    0.3437241315841675,
                    0.0012510204315185902
                ],
                [
                    0.0,
                    0.0,
                    0.0,
                    1.0
                ]
            ],
            "depth_filename": "depth/0073.png"
        },
        {
            "file_path": "imgs/0085.png",
            "transform_matrix": [
                [
                    0.7100347876548767,
                    -0.214163675904274,
                    0.6708089113235474,
                    0.4607363353729248
                ],
                [
                    0.7041666507720947,
                    0.21594840288162231,
                    -0.6763990521430969,
                    -0.2790998649597167
                ],
                [
                    -1.4901161193847656e-08,
                    0.9526280760765076,
                    0.30413779616355896,
                    0.0012510204315185902
                ],
                [
                    0.0,
                    0.0,
                    0.0,
                    1.0
                ]
            ],
            "depth_filename": "depth/0085.png"
        },
        {
            "file_path": "imgs/0046.png",
            "transform_matrix": [
                [
                    -0.8485496044158936,
                    0.1373467743396759,
                    -0.5109790563583374,
                    -0.14800542488098145
                ],
                [
                    -0.5291160345077515,
                    -0.22026462852954865,
                    0.8194631338119507,
                    0.5056367683410645
                ],
                [
                    7.450581485102248e-09,
                    0.9657221436500549,
                    0.25957784056663513,
                    0.0012510204315185902
                ],
                [
                    0.0,
                    0.0,
                    0.0,
                    1.0
                ]
            ],
            "depth_filename": "depth/0046.png"
        },
        {
            "file_path": "imgs/0031.png",
            "transform_matrix": [
                [
                    -0.1905944049358368,
                    0.21887169778347015,
                    -0.9569582343101501,
                    -0.48687142028808594
                ],
                [
                    -0.9816689491271973,
                    -0.04249469190835953,
                    0.18579673767089844,
                    0.16677101135253913
                ],
                [
                    3.725290298461914e-09,
                    0.9748278856277466,
                    0.2229587882757187,
                    0.0012510204315185902
                ],
                [
                    0.0,
                    0.0,
                    0.0,
                    1.0
                ]
            ],
            "depth_filename": "depth/0031.png"
        },
        {
            "file_path": "imgs/0049.png",
            "transform_matrix": [
                [
                    -0.9303379058837891,
                    0.09923459589481354,
                    -0.3530210554599762,
                    -0.05117291107177735
                ],
                [
                    -0.36670342087745667,
                    -0.251761257648468,
                    0.8956254124641418,
                    0.5279081630706788
                ],
                [
                    0.0,
                    0.9626883268356323,
                    0.2706127166748047,
                    0.0012510204315185902
                ],
                [
                    0.0,
                    0.0,
                    0.0,
                    1.0
                ]
            ],
            "depth_filename": "depth/0049.png"
        },
        {
            "file_path": "imgs/0034.png",
            "transform_matrix": [
                [
                    -0.3410169780254364,
                    0.21389999985694885,
                    -0.9153984785079956,
                    -0.4476334442138672
                ],
                [
                    -0.9400572180747986,
                    -0.07759477198123932,
                    0.3320717215538025,
                    0.258076982498169
                ],
                [
                    0.0,
                    0.9737688899040222,
                    0.22753939032554626,
                    0.0012510204315185902
                ],
                [
                    0.0,
                    0.0,
                    0.0,
                    1.0
                ]
            ],
            "depth_filename": "depth/0034.png"
        },
        {
            "file_path": "imgs/0079.png",
            "transform_matrix": [
                [
                    0.3354796767234802,
                    -0.3099678158760071,
                    0.889591634273529,
                    0.533366263961792
                ],
                [
                    0.9420475363731384,
                    0.1103849932551384,
                    -0.31679922342300415,
                    -0.09517256736755364
                ],
                [
                    0.0,
                    0.9443172812461853,
                    0.32903629541397095,
                    0.0012510204315185902
                ],
                [
                    0.0,
                    0.0,
                    0.0,
                    1.0
                ]
            ],
            "depth_filename": "depth/0079.png"
        },
        {
            "file_path": "imgs/0043.png",
            "transform_matrix": [
                [
                    -0.7438690066337585,
                    0.16670897603034973,
                    -0.6471994519233704,
                    -0.23931139602661133
                ],
                [
                    -0.6683254837989807,
                    -0.18555276095867157,
                    0.7203549742698669,
                    0.4663990306854249
                ],
                [
                    0.0,
                    0.9683895707130432,
                    0.24944283068180084,
                    0.0012510204315185902
                ],
                [
                    0.0,
                    0.0,
                    0.0,
                    1.0
                ]
            ],
            "depth_filename": "depth/0043.png"
        },
        {
            "file_path": "imgs/0076.png",
            "transform_matrix": [
                [
                    0.10213213413953781,
                    -0.33570775389671326,
                    0.9364129900932312,
                    0.5437434326171875
                ],
                [
                    0.994770884513855,
                    0.034466780722141266,
                    -0.09614058583974838,
                    0.0036943721771240945
                ],
                [
                    0.0,
                    0.9413353800773621,
                    0.33747243881225586,
                    0.0012510204315185902
                ],
                [
                    0.0,
                    0.0,
                    0.0,
                    1.0
                ]
            ],
            "depth_filename": "depth/0076.png"
        },
        {
            "file_path": "imgs/0028.png",
            "transform_matrix": [
                [
                    -0.038073014467954636,
                    0.2191849946975708,
                    -0.9749401807785034,
                    -0.5091428150177002
                ],
                [
                    -0.9992750287055969,
                    -0.00835108757019043,
                    0.037145841866731644,
                    0.06993873596191413
                ],
                [
                    0.0,
                    0.9756476283073425,
                    0.21934401988983154,
                    0.0012510204315185902
                ],
                [
                    0.0,
                    0.0,
                    0.0,
                    1.0
                ]
            ],
            "depth_filename": "depth/0028.png"
        },
        {
            "file_path": "imgs/0025.png",
            "transform_matrix": [
                [
                    0.11404635012149811,
                    0.21600091457366943,
                    -0.9697098135948181,
                    -0.5113722671508789
                ],
                [
                    -0.9934754371643066,
                    0.02479589730501175,
                    -0.11131816357374191,
                    -0.02942721366882317
                ],
                [
                    0.0,
                    0.9760782122612,
                    0.21741950511932373,
                    0.0012510204315185902
                ],
                [
                    0.0,
                    0.0,
                    0.0,
                    1.0
                ]
            ],
            "depth_filename": "depth/0025.png"
        },
        {
            "file_path": "imgs/0088.png",
            "transform_matrix": [
                [
                    0.8395047187805176,
                    -0.15798431634902954,
                    0.5198777318000793,
                    0.39983421669006347
                ],
                [
                    0.543352484703064,
                    0.24409304559230804,
                    -0.8032351136207581,
                    -0.35764257431030266
                ],
                [
                    1.4901162970204496e-08,
                    0.9567964673042297,
                    0.2907584011554718,
                    0.0012510204315185902
                ],
                [
                    0.0,
                    0.0,
                    0.0,
                    1.0
                ]
            ],
            "depth_filename": "depth/0088.png"
        },
        {
            "file_path": "imgs/0019.png",
            "transform_matrix": [
                [
                    0.4047178626060486,
                    0.19790464639663696,
                    -0.8927693963050842,
                    -0.4625253070831299
                ],
                [
                    -0.9144416451454163,
                    0.0875895693898201,
                    -0.3951260447502136,
                    -0.22101823806762688
                ],
                [
                    7.450580596923828e-09,
                    0.9763001203536987,
                    0.21642129123210907,
                    0.0012510204315185902
                ],
                [
                    0.0,
                    0.0,
                    0.0,
                    1.0
                ]
            ],
            "depth_filename": "depth/0019.png"
        }
    ]
}