{
    "cameras": {
        "camera_touch": {
            "w": 640,
            "h": 640,
            "near": 9.999999747378752e-05,
            "far": 3.27,
            "camera_angle_x": [
                0.523598849773407
            ],
            "types": [
                "touch"
            ]
        }
    },
    "frames": [
        {
            "camera": "camera_touch",
            "file_path": "./train/tr_0.png",
            "rotation": 0.1,
            "transform_matrix": [
                [
                    -0.8532635511759366,
                    -0.1418921101589215,
                    0.5018046844234101,
                    0.27009258986002116
                ],
                [
                    -0.0875912875864869,
                    0.9875957142563296,
                    0.13031681212135093,
                    0.021628320452841337
                ],
                [
                    -0.5140710831913919,
                    0.06724086746301404,
                    -0.855107938899675,
                    0.49712248577059226
                ],
                [
                    0.0,
                    0.0,
                    0.0,
                    1.0
                ]
            ],
            "position": [
                0.27009258986002116,
                0.021628320452841337,
                0.49712248577059226
            ],
            "quaternion": [
                -0.05968390533807253,
                0.9612449481016184,
                0.05138068358306075,
                0.2642083642879859
            ]
        },
        {
            "camera": "camera_touch",
            "file_path": "./train/tr_1.png",
            "rotation": 0.1,
            "transform_matrix": [
                [
                    -0.8511553305345432,
                    -0.12441589839885911,
                    0.509956162359313,
                    0.2791641981157368
                ],
                [
                    -0.07114803682041002,
                    0.9898835206364863,
                    0.12275411369447675,
                    0.015829364944190988
                ],
                [
                    -0.5200697647039623,
                    0.06820043839976184,
                    -0.8513965821183723,
                    0.5030247998990783
                ],
                [
                    0.0,
                    0.0,
                    0.0,
                    1.0
                ]
            ],
            "position": [
                0.2791641981157368,
                0.015829364944190988,
                0.5030247998990783
            ],
            "quaternion": [
                -0.05088647044771159,
                0.960785567878319,
                0.04968709164654838,
                0.2680166148176264
            ]
        },
        {
            "camera": "camera_touch",
            "file_path": "./train/tr_2.png",
            "rotation": 0.1,
            "transform_matrix": [
                [
                    -0.8434698431397583,
                    -0.029190665892717085,
                    0.5363828192052132,
                    0.2758515729051712
                ],
                [
                    0.16663200009854096,
                    0.9350487636862811,
                    0.3129178583461116,
                    0.026095225822966927
                ],
                [
                    -0.5106783726152425,
                    0.3533153188774824,
                    -0.7838213349925808,
                    0.49760855349915856
                ],
                [
                    0.0,
                    0.0,
                    0.0,
                    1.0
                ]
            ],
            "position": [
                0.2758515729051712,
                0.026095225822966927,
                0.49760855349915856
            ],
            "quaternion": [
                0.0364099177721974,
                0.9437081290552141,
                0.17649344965972402,
                0.27737952426706275
            ]
        },
        {
            "camera": "camera_touch",
            "file_path": "./train/tr_3.png",
            "rotation": 0.1,
            "transform_matrix": [
                [
                    -0.844237695561392,
                    -0.02862170104876098,
                    0.5352041775082339,
                    0.27629966518123433
                ],
                [
                    0.16647967093305088,
                    0.9351760129909269,
                    0.312618527749743,
                    0.026189748230301575
                ],
                [
                    -0.5094577829017954,
                    0.3530249608108032,
                    -0.7847459107796086,
                    0.49723716794672623
                ],
                [
                    0.0,
                    0.0,
                    0.0,
                    1.0
                ]
            ],
            "position": [
                0.27629966518123433,
                0.026189748230301575,
                0.49723716794672623
            ],
            "quaternion": [
                0.036510965856265155,
                0.9439491258788409,
                0.17629221367236236,
                0.27667328337914376
            ]
        },
        {
            "camera": "camera_touch",
            "file_path": "./train/tr_4.png",
            "rotation": 0.1,
            "transform_matrix": [
                [
                    -0.8378873543092928,
                    -0.02994912285771685,
                    0.5450209459540318,
                    0.2789393947967952
                ],
                [
                    0.16864039667363157,
                    0.9354408311338759,
                    0.3106619836048881,
                    0.025574301838052062
                ],
                [
                    -0.5191389005828155,
                    0.35221229604830234,
                    -0.7787434111528965,
                    0.5008562522972088
                ],
                [
                    0.0,
                    0.0,
                    0.0,
                    1.0
                ]
            ],
            "position": [
                0.2789393947967952,
                0.025574301838052062,
                0.5008562522972088
            ],
            "quaternion": [
                0.03679410957573727,
                0.9423470413826602,
                0.17585727068070722,
                0.2823163485508598
            ]
        },
        {
            "camera": "camera_touch",
            "file_path": "./train/tr_5.png",
            "rotation": 0.1,
            "transform_matrix": [
                [
                    -0.8337521479058687,
                    -0.03186954227293455,
                    0.551218367017704,
                    0.2801222749405072
                ],
                [
                    0.16930517345880103,
                    0.9354836549700425,
                    0.31017106493671476,
                    0.025161513044144237
                ],
                [
                    -0.5255407825301819,
                    0.35192991285084596,
                    -0.7745658282795338,
                    0.5041418255359094
                ],
                [
                    0.0,
                    0.0,
                    0.0,
                    1.0
                ]
            ],
            "position": [
                0.2801222749405072,
                0.025161513044144237,
                0.5041418255359094
            ],
            "quaternion": [
                0.03650351245855124,
                0.9412494116505368,
                0.17585695269082924,
                0.2859919999728743
            ]
        },
        {
            "camera": "camera_touch",
            "file_path": "./train/tr_6.png",
            "rotation": 0.1,
            "transform_matrix": [
                [
                    -0.8348314249154024,
                    -0.031145724805560035,
                    0.5496239039562004,
                    0.2806046263695804
                ],
                [
                    0.16902981748002965,
                    0.9356684441072206,
                    0.3097635929295774,
                    0.025274487532308793
                ],
                [
                    -0.5239135546790007,
                    0.3515032098406918,
                    -0.7758608642632414,
                    0.5035658971996478
                ],
                [
                    0.0,
                    0.0,
                    0.0,
                    1.0
                ]
            ],
            "position": [
                0.2806046263695804,
                0.025274487532308793,
                0.5035658971996478
            ],
            "quaternion": [
                0.036609409739472486,
                0.9415892047486158,
                0.17557201023095348,
                0.28503340691108653
            ]
        },
        {
            "camera": "camera_touch",
            "file_path": "./train/tr_7.png",
            "rotation": 0.1,
            "transform_matrix": [
                [
                    -0.8273285440584262,
                    -0.010679004381824508,
                    0.5616168080208946,
                    0.2817244556293845
                ],
                [
                    0.1935957641885692,
                    0.9331410497466386,
                    0.30293309717821393,
                    0.018361319477161353
                ],
                [
                    -0.5273027216641398,
                    0.35935183336551135,
                    -0.7699468160739656,
                    0.4994004794146763
                ],
                [
                    0.0,
                    0.0,
                    0.0,
                    1.0
                ]
            ],
            "position": [
                0.2817244556293845,
                0.018361319477161353,
                0.4994004794146763
            ],
            "quaternion": [
                0.04867551430957693,
                0.9394701429185033,
                0.1762389605400696,
                0.28976960998631945
            ]
        },
        {
            "camera": "camera_touch",
            "file_path": "./train/tr_8.png",
            "rotation": 0.1,
            "transform_matrix": [
                [
                    -0.8285366531764687,
                    -0.026648314015847344,
                    0.55930035017265,
                    0.26927019227999077
                ],
                [
                    0.18376357120092468,
                    0.9306013118735227,
                    0.3165630241180438,
                    0.023532290378304
                ],
                [
                    -0.5289215104744925,
                    0.36506309824383965,
                    -0.766140307031284,
                    0.4957203419463771
                ],
                [
                    0.0,
                    0.0,
                    0.0,
                    1.0
                ]
            ],
            "position": [
                0.26927019227999077,
                0.023532290378304,
                0.4957203419463771
            ],
            "quaternion": [
                0.041839999862286405,
                0.9387862455945557,
                0.18151793388313117,
                0.2897949143537284
            ]
        },
        {
            "camera": "camera_touch",
            "file_path": "./train/tr_9.png",
            "rotation": 0.1,
            "transform_matrix": [
                [
                    -0.8291839351738881,
                    -0.02618846796080103,
                    0.5583620382828801,
                    0.2695267381266841
                ],
                [
                    0.18362142608652127,
                    0.9307067418997472,
                    0.3163354745587502,
                    0.023590021524619444
                ],
                [
                    -0.5279556548911079,
                    0.3648275273718029,
                    -0.7669183149073171,
                    0.49538431233829844
                ],
                [
                    0.0,
                    0.0,
                    0.0,
                    1.0
                ]
            ],
            "position": [
                0.2695267381266841,
                0.023590021524619444,
                0.49538431233829844
            ],
            "quaternion": [
                0.041915504910593454,
                0.9389900398368473,
                0.18135523522040825,
                0.2892250462977225
            ]
        },
        {
            "camera": "camera_touch",
            "file_path": "./train/tr_10.png",
            "rotation": 0.1,
            "transform_matrix": [
                [
                    -0.8309205448142831,
                    -0.10548053362967288,
                    0.5463011122364066,
                    0.2658970533789088
                ],
                [
                    -0.20123361347209032,
                    0.972369980004586,
                    -0.11832858823989423,
                    0.013056509006151568
                ],
                [
                    -0.5187254389506079,
                    -0.2082558018665519,
                    -0.8291884224797277,
                    0.5004403288573235
                ],
                [
                    0.0,
                    0.0,
                    0.0,
                    1.0
                ]
            ],
            "position": [
                0.2658970533789088,
                0.013056509006151568,
                0.5004403288573235
            ],
            "quaternion": [
                -0.08046412094677653,
                0.9529531914779209,
                -0.08567692789252258,
                0.27940160581444395
            ]
        },
        {
            "camera": "camera_touch",
            "file_path": "./train/tr_11.png",
            "rotation": 0.1,
            "transform_matrix": [
                [
                    -0.8326426847933652,
                    -0.10767460700809789,
                    0.5432424306566537,
                    0.27483204018180535
                ],
                [
                    -0.2005000978049407,
                    0.9729844545625039,
                    -0.11445943368685646,
                    0.013457913888058814
                ],
                [
                    -0.5162420655470714,
                    -0.20422397064340503,
                    -0.8317371577453636,
                    0.5029098643087218
                ],
                [
                    0.0,
                    0.0,
                    0.0,
                    1.0
                ]
            ],
            "position": [
                0.27483204018180535,
                0.013457913888058814,
                0.5029098643087218
            ],
            "quaternion": [
                -0.08079297583774425,
                0.953593793322715,
                -0.08354800112996018,
                0.2777609711808851
            ]
        },
        {
            "camera": "camera_touch",
            "file_path": "./train/tr_12.png",
            "rotation": 0.1,
            "transform_matrix": [
                [
                    -0.8361168366833195,
                    -0.09326132039761825,
                    0.5405654091156524,
                    0.2821729146032238
                ],
                [
                    -0.18353745478068656,
                    0.9762079004679897,
                    -0.11546487672234716,
                    0.007985092182600047
                ],
                [
                    -0.5169358162357367,
                    -0.19575612680468568,
                    -0.8333408070598254,
                    0.5054771567579165
                ],
                [
                    0.0,
                    0.0,
                    0.0,
                    1.0
                ]
            ],
            "position": [
                0.2821729146032238,
                0.007985092182600047,
                0.5054771567579165
            ],
            "quaternion": [
                -0.07248460358385324,
                0.954681326177229,
                -0.08149866650636141,
                0.2769252033707787
            ]
        },
        {
            "camera": "camera_touch",
            "file_path": "./train/tr_13.png",
            "rotation": 0.1,
            "transform_matrix": [
                [
                    -0.9204630154988922,
                    -0.10134343183312661,
                    0.37746171451283744,
                    0.28513329270236887
                ],
                [
                    -0.15610158621581133,
                    0.9807457504549011,
                    -0.11734593195147659,
                    0.005825898962259566
                ],
                [
                    -0.35830173301226714,
                    -0.16693496275177758,
                    -0.9185600613631473,
                    0.5068839367279508
                ],
                [
                    0.0,
                    0.0,
                    0.0,
                    1.0
                ]
            ],
            "position": [
                0.28513329270236887,
                0.005825898962259566,
                0.5068839367279508
            ],
            "quaternion": [
                -0.06586215972138233,
                0.9772114702786088,
                -0.07272758212444437,
                0.1882303649350159
            ]
        },
        {
            "camera": "camera_touch",
            "file_path": "./train/tr_14.png",
            "rotation": 0.1,
            "transform_matrix": [
                [
                    -0.9391946648005115,
                    -0.10056519072967227,
                    0.3283291397725152,
                    0.26722448512382396
                ],
                [
                    -0.14890822965925657,
                    0.9808512617679747,
                    -0.12552745288548728,
                    0.004504743846625785
                ],
                [
                    -0.30941835877982626,
                    -0.16678562498511906,
                    -0.9361852565322326,
                    0.5040392081047373
                ],
                [
                    0.0,
                    0.0,
                    0.0,
                    1.0
                ]
            ],
            "position": [
                0.26722448512382396,
                0.004504743846625785,
                0.5040392081047373
            ],
            "quaternion": [
                -0.06352033300951823,
                0.981864474902259,
                -0.07442806540444641,
                0.16238176163567658
            ]
        },
        {
            "camera": "camera_touch",
            "file_path": "./train/tr_15.png",
            "rotation": 0.1,
            "transform_matrix": [
                [
                    -0.9450167804324018,
                    -0.1102432115945241,
                    0.3078793903438539,
                    0.26957500278974184
                ],
                [
                    -0.1306052858894103,
                    0.9903543395035501,
                    -0.046265986688196696,
                    0.021972074729330368
                ],
                [
                    -0.2998091793106469,
                    -0.08393280957892438,
                    -0.9502998155725723,
                    0.49752611801195845
                ],
                [
                    0.0,
                    0.0,
                    0.0,
                    1.0
                ]
            ],
            "position": [
                0.26957500278974184,
                0.021972074729330368,
                0.49752611801195845
            ],
            "quaternion": [
                -0.061091522388571545,
                0.9856052889309598,
                -0.03302508738983709,
                0.15414096515509015
            ]
        },
        {
            "camera": "camera_touch",
            "file_path": "./train/tr_16.png",
            "rotation": 0.1,
            "transform_matrix": [
                [
                    -0.9442994410795874,
                    -0.08345042373839383,
                    0.31833094784306143,
                    0.27632946514482726
                ],
                [
                    -0.11074199690664853,
                    0.9914795336290703,
                    -0.06858968228391955,
                    0.008987478368362271
                ],
                [
                    -0.3098947816564636,
                    -0.1000218034858585,
                    -0.9454950360152768,
                    0.5034621166158635
                ],
                [
                    0.0,
                    0.0,
                    0.0,
                    1.0
                ]
            ],
            "position": [
                0.27632946514482726,
                0.008987478368362271,
                0.5034621166158635
            ],
            "quaternion": [
                -0.049285042922865605,
                0.9850474883547694,
                -0.042792732516792005,
                0.15944047631100527
            ]
        },
        {
            "camera": "camera_touch",
            "file_path": "./train/tr_17.png",
            "rotation": 0.1,
            "transform_matrix": [
                [
                    -0.9481826119725236,
                    -0.059103904209476955,
                    0.3121801769173696,
                    0.2749881459093869
                ],
                [
                    -0.08744307964636865,
                    0.993145450635346,
                    -0.07756172834764864,
                    -0.0005847750001710132
                ],
                [
                    -0.30545612152144214,
                    -0.1008406782479798,
                    -0.946851474855252,
                    0.506219725930068
                ],
                [
                    0.0,
                    0.0,
                    0.0,
                    1.0
                ]
            ],
            "position": [
                0.2749881459093869,
                -0.0005847750001710132,
                0.506219725930068
            ],
            "quaternion": [
                -0.037159832283316645,
                0.9859233926075097,
                -0.04523739304354967,
                0.1566136719992224
            ]
        },
        {
            "camera": "camera_touch",
            "file_path": "./train/tr_18.png",
            "rotation": 0.1,
            "transform_matrix": [
                [
                    -0.9504391567366973,
                    -0.016644327265296483,
                    0.3104647737047179,
                    0.2766235574545802
                ],
                [
                    -0.04752171597544999,
                    0.9946097445030853,
                    -0.09215824786884816,
                    -0.01721098384705531
                ],
                [
                    -0.3072573772139323,
                    -0.10234462618717752,
                    -0.9461070138405182,
                    0.5075801363450334
                ],
                [
                    0.0,
                    0.0,
                    0.0,
                    1.0
                ]
            ],
            "position": [
                0.2766235574545802,
                -0.01721098384705531,
                0.5075801363450334
            ],
            "quaternion": [
                -0.01626432181986389,
                0.9863006795772737,
                -0.0493011128435423,
                0.15657552422399576
            ]
        },
        {
            "camera": "camera_touch",
            "file_path": "./train/tr_19.png",
            "rotation": 0.1,
            "transform_matrix": [
                [
                    -0.9519927509792576,
                    -0.012992542277717931,
                    0.30584472519255174,
                    0.28237434814514756
                ],
                [
                    -0.04291355576747839,
                    0.9948972971159842,
                    -0.09131152677893861,
                    -0.018979348624892
                ],
                [
                    -0.30309772155913234,
                    -0.10005279624513758,
                    -0.9476925710108697,
                    0.5075085920993088
                ],
                [
                    0.0,
                    0.0,
                    0.0,
                    1.0
                ]
            ],
            "position": [
                0.28237434814514756,
                -0.018979348624892,
                0.5075085920993088
            ],
            "quaternion": [
                -0.014164418081342242,
                0.9867348714759353,
                -0.04848423288233661,
                0.15428219290663697
            ]
        },
        {
            "camera": "camera_touch",
            "file_path": "./train/tr_20.png",
            "rotation": 0.1,
            "transform_matrix": [
                [
                    -0.951576574356701,
                    -0.015773259913137515,
                    0.3070068849509376,
                    0.2885303822788251
                ],
                [
                    -0.039633948774035074,
                    0.9966426871777112,
                    -0.07164149774933656,
                    -0.01479038645761199
                ],
                [
                    -0.30484614683499406,
                    -0.08034026616151854,
                    -0.9490069906976203,
                    0.5087791564524611
                ],
                [
                    0.0,
                    0.0,
                    0.0,
                    1.0
                ]
            ],
            "position": [
                0.2885303822788251,
                -0.01479038645761199,
                0.5087791564524611
            ],
            "quaternion": [
                -0.014033256973394102,
                0.9870697112682971,
                -0.038493170812347946,
                0.15496703458714522
            ]
        },
        {
            "camera": "camera_touch",
            "file_path": "./train/tr_21.png",
            "rotation": 0.1,
            "transform_matrix": [
                [
                    -0.9506692636397208,
                    -0.019893131084898864,
                    0.3095677866095736,
                    0.28850206024304303
                ],
                [
                    -0.03143506856277421,
                    0.9989824583208955,
                    -0.032340136542601726,
                    -0.00566504735288283
                ],
                [
                    -0.3086094419086447,
                    -0.04047605838986141,
                    -0.9503272599805058,
                    0.5088065565302702
                ],
                [
                    0.0,
                    0.0,
                    0.0,
                    1.0
                ]
            ],
            "position": [
                0.28850206024304303,
                -0.00566504735288283,
                0.5088065565302702
            ],
            "quaternion": [
                -0.012995557470118489,
                0.9874182484475216,
                -0.01843600696100149,
                0.1565135296985089
            ]
        },
        {
            "camera": "camera_touch",
            "file_path": "./train/tr_22.png",
            "rotation": 0.1,
            "transform_matrix": [
                [
                    -0.9525217149445233,
                    -0.02293069715715993,
                    0.30360593816167536,
                    0.28714327413954244
                ],
                [
                    -0.02501595369693474,
                    0.9996826097332687,
                    -0.0029802445392960336,
                    0.0010333084147657074
                ],
                [
                    -0.30344123750699614,
                    -0.010433739730691212,
                    -0.9527930270816716,
                    0.5082497065427933
                ],
                [
                    0.0,
                    0.0,
                    0.0,
                    1.0
                ]
            ],
            "position": [
                0.28714327413954244,
                0.0010333084147657074,
                0.5082497065427933
            ],
            "quaternion": [
                -0.012131595476337445,
                0.9880533335243178,
                -0.003394043754685765,
                0.15359677139235578
            ]
        },
        {
            "camera": "camera_touch",
            "file_path": "./train/tr_23.png",
            "rotation": 0.1,
            "transform_matrix": [
                [
                    -0.9678610520043234,
                    0.08194333663417923,
                    0.2377609589363694,
                    0.26877515825405374
                ],
                [
                    0.08444162949383739,
                    0.9964283747755116,
                    0.00032426942224590867,
                    -0.03198625160186379
                ],
                [
                    -0.2368851941796064,
                    0.020390770546752153,
                    -0.9713236439287369,
                    0.5028457459980715
                ],
                [
                    0.0,
                    0.0,
                    0.0,
                    1.0
                ]
            ],
            "position": [
                0.26877515825405374,
                -0.03198625160186379,
                0.5028457459980715
            ],
            "quaternion": [
                0.04193512108963736,
                0.9919190088072103,
                0.0052209507246480606,
                0.11962825950473552
            ]
        },
        {
            "camera": "camera_touch",
            "file_path": "./train/tr_24.png",
            "rotation": 0.1,
            "transform_matrix": [
                [
                    0.8328087493249814,
                    -0.37119120114119836,
                    -0.4106661408530228,
                    0.3363260843575534
                ],
                [
                    -0.26775650133867884,
                    -0.9194212445503968,
                    0.288046925101224,
                    -0.017858733264699295
                ],
                [
                    -0.4844956584311467,
                    -0.12992947034739447,
                    -0.8650909141221029,
                    0.47543836765375835
                ],
                [
                    0.0,
                    0.0,
                    0.0,
                    1.0
                ]
            ],
            "position": [
                0.3363260843575534,
                -0.017858733264699295,
                0.47543836765375835
            ],
            "quaternion": [
                0.9509628147940524,
                -0.16797390143437058,
                -0.23533040224917065,
                -0.10988242946720803
            ]
        },
        {
            "camera": "camera_touch",
            "file_path": "./train/tr_25.png",
            "rotation": 0.1,
            "transform_matrix": [
                [
                    -0.17574426418782602,
                    0.9842313616005727,
                    0.020064407466032275,
                    0.3010393167727546
                ],
                [
                    0.13078733730083153,
                    0.043544630563457754,
                    -0.9904537028810843,
                    0.09415920331806461
                ],
                [
                    -0.9757092937995613,
                    -0.17144238679794227,
                    -0.13637771812941668,
                    0.45632112782567924
                ],
                [
                    0.0,
                    0.0,
                    0.0,
                    1.0
                ]
            ],
            "position": [
                0.3010393167727546,
                0.09415920331806461,
                0.45632112782567924
            ],
            "quaternion": [
                -0.47882378600553727,
                -0.5821655016013674,
                0.49895439883949017,
                -0.42761626698683686
            ]
        },
        {
            "camera": "camera_touch",
            "file_path": "./train/tr_26.png",
            "rotation": 0.1,
            "transform_matrix": [
                [
                    -0.1735975316103463,
                    0.984779432992282,
                    -0.008565358964721659,
                    0.2951781896917369
                ],
                [
                    0.12684999361641391,
                    0.013734540524041328,
                    -0.9918268203250552,
                    0.08862486389523819
                ],
                [
                    -0.9766130124764418,
                    -0.17326520352336516,
                    -0.12730354712142256,
                    0.44661204653749426
                ],
                [
                    0.0,
                    0.0,
                    0.0,
                    1.0
                ]
            ],
            "position": [
                0.2951781896917369,
                0.08862486389523819,
                0.44661204653749426
            ],
            "quaternion": [
                -0.4847606432573841,
                -0.5732878180309686,
                0.5080746743614403,
                -0.4221473379413612
            ]
        },
        {
            "camera": "camera_touch",
            "file_path": "./train/tr_27.png",
            "rotation": 0.1,
            "transform_matrix": [
                [
                    -0.17096967502589577,
                    0.9852454407646636,
                    -0.007796901563065561,
                    0.2948546439174511
                ],
                [
                    0.12650012908171432,
                    0.014102274561905825,
                    -0.9918663434125037,
                    0.08806817921740186
                ],
                [
                    -0.9771218386485125,
                    -0.17056537545652417,
                    -0.12704473673287564,
                    0.4394242143608186
                ],
                [
                    0.0,
                    0.0,
                    0.0,
                    1.0
                ]
            ],
            "position": [
                0.2948546439174511,
                0.08806817921740186,
                0.4394242143608186
            ],
            "quaternion": [
                -0.4852764256765893,
                -0.5727383250974358,
                0.5074009062197602,
                -0.42310988552264667
            ]
        },
        {
            "camera": "camera_touch",
            "file_path": "./train/tr_28.png",
            "rotation": 0.1,
            "transform_matrix": [
                [
                    -0.17573960614341488,
                    0.9842591543137558,
                    -0.018695132578509355,
                    0.29766459040307425
                ],
                [
                    0.09898009523101531,
                    -0.0012279198937316105,
                    -0.995088655829617,
                    0.08858670098813738
                ],
                [
                    -0.9794480749792798,
                    -0.1767269344562541,
                    -0.09720627066747423,
                    0.4351412415671587
                ],
                [
                    0.0,
                    0.0,
                    0.0,
                    1.0
                ]
            ],
            "position": [
                0.29766459040307425,
                0.08858670098813738,
                0.4351412415671587
            ],
            "quaternion": [
                -0.4802849762163764,
                -0.5638523797476668,
                0.519557819887847,
                -0.4259771830504524
            ]
        },
        {
            "camera": "camera_touch",
            "file_path": "./train/tr_29.png",
            "rotation": 0.1,
            "transform_matrix": [
                [
                    -0.17231691057448717,
                    0.9848106694440628,
                    -0.021326689363351747,
                    0.2968132608781999
                ],
                [
                    0.1015871961863592,
                    -0.0037682519180998186,
                    -0.9948195021452263,
                    0.08558570896939134
                ],
                [
                    -0.9797892242217499,
                    -0.17359074176527522,
                    -0.09939482115444043,
                    0.43253923345942497
                ],
                [
                    0.0,
                    0.0,
                    0.0,
                    1.0
                ]
            ],
            "position": [
                0.2968132608781999,
                0.08558570896939134,
                0.43253923345942497
            ],
            "quaternion": [
                -0.48240185842062455,
                -0.5630149969763794,
                0.5188184650317281,
                -0.42559371908737154
            ]
        },
        {
            "camera": "camera_touch",
            "file_path": "./train/tr_30.png",
            "rotation": 0.1,
            "transform_matrix": [
                [
                    -0.16665999159211364,
                    0.9859266221246707,
                    -0.013158380916859003,
                    0.29087558434047556
                ],
                [
                    0.10062310988976003,
                    0.003730847246784852,
                    -0.9949176199741033,
                    0.08302414270016578
                ],
                [
                    -0.9808666764441689,
                    -0.1671369993886983,
                    -0.09982878581207133,
                    0.4305124198213358
                ],
                [
                    0.0,
                    0.0,
                    0.0,
                    1.0
                ]
            ],
            "position": [
                0.29087558434047556,
                0.08302414270016578,
                0.4305124198213358
            ],
            "quaternion": [
                -0.4820368233939379,
                -0.5635201177071033,
                0.5155338046877885,
                -0.42931401941733777
            ]
        },
        {
            "camera": "camera_touch",
            "file_path": "./train/tr_31.png",
            "rotation": 0.1,
            "transform_matrix": [
                [
                    -0.15677730800761536,
                    0.9875790336907057,
                    -0.010417672888790808,
                    0.28955013854592404
                ],
                [
                    0.09739505671343796,
                    0.004962963326592518,
                    -0.9952334258468238,
                    0.08394610003394729
                ],
                [
                    -0.9828199624660012,
                    -0.15704464718528727,
